1103 1759
1295 72
1620 1080
1323 15
30 166
795 496
864 180
104 72
962 963
743 38
1138 36
612 641
1208 1288
801 36
1198 270
1731 8
1481 85
2042 8
1703 769
963 570
83 3980
277 570
1605 332
672 1253
17 2010
1154 1147
710 15
1453 180
881 72
1246 1247
108 74
1630 38
271 180
3989 918
1336 196
3960 981
1695 74
1814 1230
1976 288
1348 670
383 860
630 1193
798 31
1643 499
1789 137
1129 180
328 329
640 36
1426 1427
203 8
3996 31
1918 180
1382 3999
659 3970
1309 85
1690 38
1528 72
436 1293
709 8
925 1442
395 396
1664 1537
622 1584
1639 8
256 1059
1419 85
1670 38
1367 180
1628 652
223 1297
973 180
4011 1943
1674 72
1537 698
1314 801
498 959
882 31
3955 31
4002 1593
1349 17
1450 85
1847 882
1542 1148
1181 72
767 180
1873 383
512 1167
1742 788
227 228
1121 31
1330 128
1535 1792
1526 1913
1051 564
445 1065
671 1253
2055 38
281 282
73 2002
208 36
1131 342
1172 72
110 963
479 1964
455 36
1800 1742
1962 1753
761 40
912 1130
641 708
290 180
1396 1174
3975 809
993 8
524 525
1067 4001
1874 389
637 1242
2025 1600
310 547
213 31
171 128
1733 15
486 180
701 1400
1249 180
1918 1174
703 36
926 155
562 72
1481 985
2041 40
1549 6
926 1464
479 1558
1588 1589
1035 179
1181 402
178 179
462 72
985 3960
1450 698
964 6
235 180
662 188
1657 3994
572 180
1855 953
1223 128
514 3988
724 180
833 468
3985 31
1177 15
380 381
1264 363
379 85
81 180
858 1359
603 8
1708 479
1774 15
105 106
1834 4016
1716 606
610 72
111 8
839 36
3961 628
1380 36
1107 15
1084 85
777 308
1539 72
1806 1581
1659 85
480 1556
1016 868
1062 608
1913 1076
1976 36
102 386
916 36
3958 1744
1566 128
1773 6
4007 570
919 128
1889 128
3971 31
1018 1577
1320 180
574 72
1269 6
593 128
664 3950
1986 15
1217 6
1464 36
2037 38
641 134
1347 128
1851 1602
1474 8
1637 6
1529 180
1550 3984
3970 308
625 36
756 952
70 686
1404 1834
1334 1705
254 255
1487 721
1436 978
1008 6
4015 1259
345 128
768 180
356 31
1304 6
336 180
1778 128
187 128
1467 467
780 6
906 36
280 761
77 36
317 318
741 742
452 453
406 4006
3955 967
1584 244
1915 85
249 72
1212 1468
475 1579
1069 128
1087 938
615 539
901 902
851 255
1407 6
1090 85
1543 76
528 3989
1591 861
1269 1194
90 1126
880 1002
341 173
1805 1529
1711 6
866 36
1550 36
1197 580
403 8
1421 180
458 384
546 85
1836 72
24 31
1367 3971
269 72
149 1262
626 72
238 31
1263 1318
1873 72
304 6
1979 977
1998 3976
1849 180
383 166
1013 148
1877 551
1060 8
132 31
1908 1864
620 180
387 36
269 488
1534 38
1429 15
243 85
726 288
304 85
1123 1124
4011 31
1894 85
1417 790
879 36
297 72
612 180
1468 107
489 128
352 781
3973 1235
631 6
434 218
580 31
1992 74
761 620
44 1076
847 6
1847 483
1384 3966
897 180
1785 85
1512 1211
549 15
1709 72
653 4007
928 72
711 947
2020 38
863 72
347 1411
448 264
1314 4011
1523 2041
1401 6
1137 309
265 180
905 1810
931 457
285 3974
648 6
1269 3998
1411 180
638 468
1449 1483
616 1313
19 31
436 4008
3954 31
519 36
1092 350
1851 10
307 986
770 128
898 3948
3972 416
3956 3
193 15
78 128
946 541
1276 15
1727 1139
1262 1098
381 135
592 47
748 4007
1336 1225
1179 309
1676 1224
1458 38
543 6
455 3962
287 31
463 31
3997 1937
323 150
3994 308
527 1578
1544 811
430 36
1373 1579
1004 1942
13 1832
1695 1268
1756 333
1543 85
1608 329
10 31
997 769
584 1432
625 3966
666 85
453 166
962 41
242 637
1434 983
1007 1241
1956 977
923 1857
1062 180
1318 31
179 31
1819 374
1182 180
1624 116
209 503
411 31
1403 85
1807 128
1754 1692
30 31
366 180
1046 453
1884 38
3978 31
1040 1186
1974 1705
310 85
1403 6
53 570
478 313
1497 3970
491 128
1221 1747
548 139
151 6
1393 15
26 27
1109 3981
1096 180
112 3975
1109 85
1345 15
1482 468
788 128
558 783
271 253
1460 986
267 80
739 8
975 180
1086 8
659 1348
711 6
268 85
201 128
473 174
1620 6
1687 15
2034 589
155 156
116 1663
624 4013
1002 1807
863 1262
484 882
1025 1026
1925 1926
744 1932
1680 38
639 85
1190 221
903 1898
1006 180
1801 482
1309 6
1425 8
844 1411
619 72
583 85
394 1455
1509 1220
130 1166
3975 1019
21 31
291 1083
1923 1718
1341 3960
608 31
720 15
1447 36
1312 174
1289 1303
1537 1145
861 1237
941 159
1228 327
1210 1237
1823 435
1987 180
351 468
684 1457
4006 31
1879 15
866 333
538 31
63 64
496 36
1759 74
84 6
1737 128
581 128
1752 128
1477 72
63 36
1300 755
1156 1456
1908 959
440 106
880 72
1326 1382
57 796
1575 499
1395 1205
1535 580
486 309
246 36
782 1358
1247 152
675 15
229 179
274 72
1491 365
689 198
1854 3949
542 432
670 8
46 1174
452 6
747 3963
1262 180
1435 4004
95 85
869 882
3974 31
936 85
543 588
2004 15
881 1167
341 31
211 463
761 36
430 725
1115 4014
734 1427
350 3958
612 1723
977 31
1213 4006
1355 167
142 6
76 472
1753 434
186 3
110 6
850 134
304 1972
1314 6
1545 85
514 85
1027 85
1348 3970
767 1370
809 810
960 85
302 825
158 85
450 36
167 180
1128 24
929 180
1652 188
1253 31
1665 1638
1121 1510
2 219
580 781
1590 72
1494 8
16 17
1754 6
309 1286
435 36
1682 180
518 1006
1492 72
1219 1155
272 31
1455 3986
1433 1332
188 31
677 1345
3966 432
1594 72
337 3990
1313 180
704 1628
1152 72
299 36
1062 1063
1017 1253
98 99
484 180
1781 6
1190 36
49 3992
1313 982
3992 31
1979 180
1462 759
987 72
1216 336
137 31
871 4011
290 1994
126 352
258 259
1420 6
557 61
1901 72
1948 38
493 1013
654 655
233 8
855 38
598 180
607 1410
594 31
1263 1728
1846 85
1583 36
620 40
551 432
3993 1259
909 910
56 1147
507 31
1444 3991
287 1989
1311 6
1781 85
954 688
1263 36
513 36
730 287
1819 36
1460 460
1585 1765
209 180
1619 180
994 180
1804 1333
1640 93
298 8
1600 1144
1342 38
724 277
1441 180
1244 1245
1159 6
410 710
1743 3954
1266 6
311 6
668 1937
191 36
1135 180
982 8
535 36
1370 8
482 180
1830 128
687 1619
507 613
1081 325
420 6
735 307
494 432
1793 15
1572 2
709 126
822 6
1821 8
585 927
1654 36
33 72
1245 1544
502 288
1411 1169
1745 1144
1592 1473
1485 767
1194 3998
1870 184
337 338
1916 180
1464 1150
1897 128
53 1278
1143 15
295 186
325 219
435 4008
1308 38
1682 766
1483 488
1301 72
402 403
1250 36
573 85
955 134
3986 1749
35 811
922 180
153 72
796 128
791 1706
1126 180
1524 1071
953 31
1129 24
69 3971
3995 31
1747 180
1471 6
1291 1969
1482 180
687 688
1460 31
1142 180
607 31
640 1441
1743 6
3994 31
77 652
1174 919
1258 582
500 155
1889 1890
1421 637
1343 180
611 1476
1861 68
1418 15
559 72
1467 180
1962 85
183 1722
1530 72
3976 31
601 744
530 6
3983 1020
1669 72
1723 576
1162 1619
1491 950
405 3953
556 1148
1443 1444
222 969
465 180
1417 72
738 180
14 15
285 1322
1593 128
1055 923
1338 3983
567 180
651 3962
397 356
1703 3982
668 1286
769 3982
1664 698
1267 594
133 1541
3989 138
728 36
771 3954
1282 128
991 467
1159 840
814 815
1515 128
1140 15
1357 8
1064 36
1221 72
1777 21
1623 38
406 456
516 31
1816 128
1768 72
1547 15
413 8
997 36
68 31
1871 38
1618 8
1302 352
1420 4015
1110 525
1017 85
3993 1744
402 180
1043 15
227 36
812 128
1267 15
988 31
1424 1158
2002 255
1220 652
483 882
760 584
1462 1394
904 72
1459 128
234 572
1346 763
2006 38
900 31
1739 128
1817 630
1555 27
1034 1035
280 40
1991 38
1625 180
712 947
857 1013
1815 3990
955 88
1760 179
1058 1075
1883 8
871 15
267 36
685 36
143 295
118 72
1101 1129
647 139
377 378
1222 85
1662 180
816 128
317 643
1543 75
1605 36
1312 128
52 15
1843 214
1040 1002
699 128
291 31
760 72
1007 798
441 36
1598 128
1169 1170
696 746
1085 15
697 8
339 72
1248 1827
486 487
252 141
1763 8
1875 128
1363 38
1442 432
1538 128
1585 6
13 1738
1462 6
955 87
1808 134
1479 72
477 138
1922 977
448 85
876 502
2056 38
281 6
702 1697
418 8
1722 240
1556 931
1039 72
1629 259
1177 428
1303 36
978 3946
1336 72
1095 170
1107 900
3947 1069
29 1992
1803 8
1505 85
57 31
3981 1606
1528 1529
1687 4009
336 1494
1299 323
435 436
3997 816
1717 128
688 31
1125 21
755 953
1092 3958
938 453
66 989
1475 1318
1912 3980
707 47
1049 862
1724 580
939 1076
845 180
1445 4012
1638 3963
1561 180
276 6
867 1665
1546 1741
1052 1053
1844 477
1118 1732
514 1485
458 6
332 180
55 8
711 712
1382 15
1006 4003
1629 72
1641 895
1567 341
1893 4002
836 4015
9 85
1465 74
992 1984
1667 15
745 6
1030 15
1100 31
909 6
232 233
1574 3980
506 6
157 1693
44 1526
380 238
562 28
1106 1225
1972 36
43 44
7 1614
791 31
3984 31
1715 1029
1792 8
2011 15
1576 3997
811 812
1198 1250
1959 1016
287 127
1968 3978
1147 1931
616 725
106 31
1741 3959
1714 287
1675 759
1571 6
4014 689
977 1439
1167 180
722 53
4005 31
1029 790
754 8
590 15
1397 6
726 1976
578 986
745 696
1405 72
1689 8
1661 668
4008 31
1759 1104
33 34
1295 672
1486 1160
1338 36
1679 1182
1487 85
1214 15
634 15
798 219
1009 85
627 1522
266 85
1211 1305
670 1497
1352 428
1492 702
367 180
897 1442
3966 1557
585 85
1929 128
1810 1072
1451 139
1391 15
1283 285
1389 8
183 241
3998 986
1667 702
991 15
725 1209
940 1114
930 85
270 31
1274 1302
1754 3967
266 267
89 791
1051 85
453 526
1769 15
1255 1376
1229 1774
1219 31
841 1007
1265 15
996 3954
294 72
538 432
1864 959
481 72
666 1939
177 17
3988 1259
195 85
987 3961
1799 11
834 835
1406 72
207 180
609 325
2017 235
673 1576
733 85
23 6
742 3951
853 85
1795 988
839 862
410 8
1188 1356
245 246
1805 36
367 1639
1317 1728
348 1761
540 86
650 1072
524 992
1439 128
1252 8
1860 961
146 738
419 36
3956 31
467 3
1266 228
1285 128
1159 4010
273 180
1095 180
1569 3979
1791 6
1915 875
913 350
130 8
1993 15
1893 1666
1647 36
1092 72
1810 36
815 17
1337 1107
45 8
1316 291
1963 8
1359 180
1633 74
1394 1675
1846 3993
1233 240
563 255
620 1523
787 128
115 1141
521 85
9 507
3947 31
364 6
277 785
65 1024
542 31
1013 180
1299 36
1192 15
526 128
266 6
1934 72
3953 1840
1047 4012
1200 36
1893 6
665 106
56 72
1820 85
1130 180
468 31
1089 3999
592 707
1211 308
797 6
24 1937
1817 6
1470 15
852 15
1325 1024
1703 72
1610 8
1264 180
2014 12
1729 74
663 31
1178 2
1116 4014
124 8
1640 6
789 6
1325 65
1836 1595
3965 1668
423 424
153 154
2000 6
3979 31
429 232
541 1566
698 868
1969 15
1916 955
1045 180
239 1432
1428 36
964 208
131 132
375 3977
1454 858
467 1366
4012 1173
601 180
1635 1734
1164 8
1551 85
1611 383
1099 8
312 180
368 1259
1727 1100
1224 868
1361 1957
1383 1384
1613 1886
93 31
2000 417
213 868
515 516
583 885
547 31
1867 15
266 80
1166 15
1971 128
771 15
380 36
680 681
927 36
1798 36
1873 1441
734 36
598 746
1755 1214
1837 36
278 1747
149 1098
932 85
1379 900
278 307
832 1296
1545 3959
1258 85
857 148
1277 36
1718 1886
1319 8
1402 368
1216 547
1000 128
2033 15
474 3964
4003 432
1237 1103
383 570
1409 10
1307 174
1705 180
1190 4007
566 15
1631 832
734 4001
882 570
109 255
320 36
379 313
1668 128
1664 36
1527 57
2028 38
1176 6
573 6
1039 621
1012 180
923 31
374 31
1491 6
1038 1493
190 191
952 15
1844 15
1053 636
635 1918
714 3997
723 1618
1801 36
1576 36
2004 953
239 166
88 4011
3973 31
1288 15
94 8
81 684
928 929
547 1193
768 1340
1812 38
908 19
3966 31
206 76
1493 702
142 186
888 72
1391 374
1961 15
1359 389
1584 180
1196 72
1958 36
1869 321
1496 36
1836 3951
1708 15
535 536
1089 6
718 6
969 15
731 180
809 128
1345 531
1324 72
197 128
1641 287
1227 15
937 128
555 36
894 128
126 15
343 1043
1407 804
530 85
1892 594
3978 1306
1942 15
277 31
1498 535
1495 547
407 1144
223 6
1833 8
733 4001
564 308
1481 3960
1167 3946
1379 392
1658 180
541 31
691 1227
162 163
1153 486
1791 1681
233 1775
609 690
482 13
1012 39
1128 1129
1307 128
420 1423
485 3966
1967 1912
1601 180
1694 1876
842 30
381 238
379 6
576 541
1335 8
867 3963
404 405
961 1889
195 196
836 1372
1692 3967
1746 876
1202 477
392 900
3958 581
4003 1831
1974 806
1073 8
212 213
145 15
724 1672
1746 180
815 180
1371 15
475 3964
590 3994
379 478
1093 1080
388 180
1885 38
157 3998
1855 72
1103 134
1253 1897
95 1224
884 8
1084 844
885 327
1643 72
1438 8
1332 828
1128 36
5 6
4006 986
2033 608
359 36
362 3968
1745 85
3961 31
497 327
925 513
1574 85
4005 887
81 82
1659 6
1377 8
96 1367
688 593
635 1174
1615 283
938 180
284 272
503 1744
2039 38
1903 15
80 570
1171 3987
878 856
1907 2011
684 1751
2003 38
1970 128
960 1860
1575 180
1402 15
814 72
895 750
2029 36
1051 6
239 1778
2001 578
476 128
495 209
1722 36
858 389
1973 977
1732 306
729 2001
343 8
778 6
1202 85
968 15
1838 225
374 1597
906 232
3998 1688
304 607
1168 3961
1387 324
218 570
3967 1000
4015 1437
1526 8
4004 31
67 68
1954 180
4007 31
1144 1307
168 8
452 1087
557 180
1599 10
170 868
1381 146
283 36
1609 38
1483 1134
400 93
105 6
1093 255
838 85
1552 85
599 8
96 3971
1968 1732
463 934
1595 3951
63 239
3987 31
1368 4011
1219 570
1016 31
1516 1442
1316 6
1494 1495
1567 36
270 1953
1601 988
577 253
1896 38
778 85
1230 1635
586 386
3972 432
1316 85
675 676
825 826
3992 78
352 31
1934 551
1351 85
1626 1945
404 3953
622 36
1645 525
1792 1724
1877 6
637 3
409 180
1116 845
329 116
684 432
445 72
636 15
1191 128
141 372
190 279
1440 4015
214 870
1845 72
539 1808
847 459
154 228
506 1782
875 753
177 6
849 3966
131 72
223 643
1877 85
661 72
1548 220
3956 1917
1091 1742
719 3947
1243 3984
501 578
484 1921
427 128
944 74
190 85
749 149
1711 430
16 15
995 956
877 3972
1046 72
1478 8
632 3951
483 36
1673 15
3949 1195
3998 31
1591 1211
873 6
1666 606
374 613
849 625
1103 1104
631 632
1561 291
116 2038
695 174
1514 261
703 175
1290 1291
1463 6
925 85
40 31
1031 1550
1137 15
989 15
1443 8
1846 1131
895 287
164 38
806 1596
1280 882
1260 6
218 31
1183 753
1084 348
436 180
1120 1290
1200 791
1401 85
841 6
1293 8
263 128
1750 1062
708 74
985 36
185 1371
1413 1956
1361 85
1302 180
1927 38
377 3969
3960 1515
3963 31
1736 61
1215 431
889 72
1973 6
1456 21
856 180
202 72
246 1367
258 36
916 1561
790 1235
1556 15
1820 652
1244 180
1407 777
1881 38
1955 128
364 467
554 8
1596 128
573 3989
441 895
1447 3965
1175 1290
4006 1622
1413 8
900 1910
950 613
1013 1852
956 859
339 386
1423 3991
60 557
807 8
1332 134
1077 72
803 180
437 945
1642 38
203 204
1852 720
2014 72
883 1588
346 255
2001 180
28 180
774 72
659 72
1519 1520
1427 180
312 313
1171 864
3991 2050
1066 1067
806 31
597 8
775 1126
1962 6
145 4000
1064 220
600 3999
193 3981
1017 6
1804 72
1018 428
862 369
1579 3964
1442 31
4010 1752
1022 128
1321 8
53 31
407 1600
556 3985
1166 4002
666 6
1146 698
4014 31
389 390
216 1542
588 784
882 1234
1378 4003
45 46
1766 970
442 8
1141 1682
127 128
1002 31
1446 1592
927 1348
3995 1970
278 36
115 85
428 934
2043 38
750 1714
518 4003
1158 134
140 1883
82 8
582 411
783 15
1823 85
1409 1907
578 31
1624 6
205 72
1452 15
814 17
1084 6
1825 1564
396 273
83 72
52 53
960 6
1841 38
1931 8
289 386
2009 1219
568 89
1115 1116
1766 961
300 72
1387 72
490 592
1824 8
1423 1130
624 72
782 6
651 180
1399 159
1660 988
225 31
1222 3978
729 36
1369 15
1947 282
133 134
914 72
1719 1139
786 15
58 59
902 8
750 8
1559 277
902 1986
1491 85
661 768
1070 72
1677 6
794 15
1800 72
250 437
1203 36
1052 180
1994 134
1953 128
43 72
1637 455
1795 36
451 356
1298 837
515 6
98 417
1935 811
383 31
125 128
1199 6
1074 36
1916 4011
1552 1583
1993 963
799 965
1969 1121
1237 1511
216 3985
624 1433
1866 85
3969 31
797 85
256 72
1862 746
324 31
1005 4003
1301 352
450 356
1652 901
829 64
780 85
429 72
568 8
1564 15
317 72
847 85
113 180
2015 38
1696 8
1213 6
1590 272
268 6
909 3975
232 180
1205 94
759 1259
167 168
3992 868
879 65
1876 180
696 598
905 85
99 8
3975 31
905 1016
1587 15
730 85
662 6
433 270
1454 85
799 6
1981 128
1240 1241
1644 1100
898 899
1264 1224
1027 6
1611 15
1224 31
1386 106
322 630
1205 536
3949 1209
1003 129
874 6
1856 1319
729 578
275 931
604 1098
3968 31
1025 8
351 638
935 15
202 467
1310 128
874 1255
544 588
610 611
601 3983
1895 1140
3971 1122
1217 85
516 1941
1683 607
340 6
152 1949
421 539
730 441
649 36
1350 38
1721 36
1863 128
567 791
3990 31
757 174
1419 1138
319 6
1008 85
1772 36
3978 415
1042 36
1404 8
1614 15
1454 389
877 738
1361 6
1589 255
1914 38
1527 1154
185 8
3999 31
249 4004
424 947
1078 6
1192 93
1947 762
588 31
2046 38
1868 4012
1972 54
1138 68
627 180
275 480
1911 953
725 613
995 85
136 85
758 1516
384 627
1037 8
1214 116
2031 38
253 31
1248 3995
428 415
785 128
1795 1601
21 1980
1090 6
152 1508
1150 180
1547 459
1183 3957
1123 8
582 123
886 8
988 1757
1647 537
494 31
58 72
1127 1327
1573 16
669 1274
936 1647
1038 36
1502 180
155 1432
1711 725
297 3965
1448 3983
827 38
1781 676
683 1880
121 405
1408 38
307 31
478 36
1504 1684
1024 31
141 31
571 3976
1271 1653
765 766
1416 15
477 3
1422 128
554 941
1657 1658
1077 922
1656 15
828 74
1445 15
64 239
280 85
1149 8
714 1565
1952 85
1466 3967
1009 3968
1436 8
1784 38
944 920
1603 128
360 1645
1857 128
1860 36
434 180
1522 8
1597 128
459 308
2 3
950 1999
1097 367
1405 389
1805 213
1482 1279
1763 1879
1735 128
535 1205
940 74
914 1466
2048 38
896 897
464 36
1020 128
1856 3995
377 72
1110 72
1229 8
220 1459
425 128
1631 180
1755 8
1666 36
195 1106
1675 180
1072 180
730 6
11 36
1672 1793
1268 80
853 1798
1489 15
599 1862
655 128
1702 128
250 251
1882 72
221 4007
551 1770
833 72
1113 15
245 3971
544 36
1754 85
1351 608
854 731
4015 31
746 1521
1183 72
1466 180
1355 36
1572 15
630 1966
815 1794
351 85
875 3957
682 36
1178 72
306 215
1570 128
3949 31
1866 6
404 36
1498 85
1155 128
372 128
1204 36
335 547
368 892
1797 128
927 3970
587 1603
454 6
93 1835
1365 406
1901 3993
512 36
1199 85
1677 210
18 72
808 1192
828 443
1595 180
1849 107
307 1835
121 72
300 608
1039 654
349 385
630 31
1212 85
499 197
169 6
1607 901
537 538
1612 38
1846 6
580 166
495 503
1638 180
1513 8
1870 180
3963 166
1949 128
1853 8
1425 1547
1210 72
1143 3962
1197 6
1236 3983
1376 31
1809 6
691 8
933 38
1886 180
3989 31
1540 677
2044 38
129 986
1550 412
1694 72
942 72
1405 1359
767 1725
447 128
1480 15
1406 722
375 1646
1939 36
685 3979
610 3955
942 542
965 731
290 386
863 1098
29 134
352 1312
232 507
640 383
726 6
653 6
1400 554
41 8
1618 908
1568 72
1376 3
1988 38
28 3979
790 1033
462 463
1809 4012
1309 663
1072 1016
881 3946
1942 1080
1590 284
633 36
1635 8
777 1508
141 469
824 8
158 6
123 124
1270 72
679 72
1975 72
1720 180
1705 806
261 1764
524 180
1144 2005
1260 1605
597 1844
588 1508
3975 613
3950 1329
494 355
215 15
1724 15
1848 1625
577 6
295 180
1506 128
957 3969
603 604
862 180
92 883
1769 3957
584 1238
1201 72
392 180
1973 85
192 3956
456 62
1504 4000
611 3955
1960 1788
1392 1393
795 6
762 180
70 1093
1194 36
1430 180
915 1974
536 263
1188 3950
1621 1453
2034 74
29 346
1501 38
1771 8
531 1982
1901 342
1767 528
402 594
151 152
361 36
1700 8
1615 272
1429 766
1679 587
960 961
1599 72
1409 180
671 36
474 475
1111 72
1176 85
360 85
262 74
1283 3974
648 4013
1449 488
1651 1445
1785 3947
1562 3959
104 1662
1160 15
259 3981
1859 141
1904 1224
279 31
3952 432
2045 38
560 8
448 6
1357 1673
957 1654
727 242
911 1518
1303 3974
54 55
1760 178
1615 85
1179 486
1175 1121
3968 1563
1428 494
600 36
1226 128
654 31
645 1451
1766 72
1633 254
575 1185
1237 1211
247 762
1756 4009
1236 601
228 1281
836 72
931 31
631 3951
1728 180
325 393
465 139
225 166
561 6
1118 36
673 85
136 790
880 1040
854 72
3951 1239
754 1769
1904 15
833 1482
840 4010
1854 15
1052 494
990 8
1477 406
714 72
1329 128
763 36
401 1429
1278 128
1488 15
1339 706
420 85
525 694
183 85
598 599
1487 6
1952 6
176 1168
1742 570
64 180
1105 38
1117 676
1521 128
681 15
1075 1900
1260 30
1272 72
384 385
3993 1933
339 290
672 180
1765 36
1412 128
1916 886
1266 85
1511 1512
1552 6
992 8
888 494
859 128
221 180
1507 479
2009 15
1827 3995
849 6
994 132
1053 8
1454 6
1649 180
735 6
1997 38
1201 436
1645 524
234 3976
348 31
1962 218
1910 128
154 180
1383 8
1362 8
943 944
727 6
102 15
1145 8
22 128
504 21
1410 198
929 516
753 180
1398 180
1159 85
705 706
1674 1264
905 6
1621 1080
575 8
1133 36
949 15
945 128
2019 38
2029 1646
1801 13
668 31
181 3986
366 1389
1934 1502
1818 6
1891 72
360 6
1094 72
1049 369
1314 85
865 8
1373 72
851 531
1112 8
1420 85
18 19
722 884
543 544
83 1912
96 72
1300 953
61 757
246 3971
1967 36
283 272
276 85
995 419
749 85
1239 128
114 417
199 200
1565 3997
389 31
1862 15
92 180
433 15
1580 668
336 547
1426 72
490 85
1277 1095
601 943
3990 1032
617 36
1104 255
915 85
270 1209
1089 85
1124 564
561 1299
1793 277
873 2029
1275 38
1304 61
893 845
869 484
2 1023
1892 15
1274 352
3953 934
1144 31
315 3959
1607 72
791 1193
1730 4008
968 463
985 768
1527 85
811 31
1065 180
95 1676
1135 4016
1567 1578
358 85
1343 1383
1779 72
1741 314
1111 218
1007 36
262 1541
907 1740
1279 1480
1496 1002
1843 72
1658 3994
502 15
477 31
1026 15
606 4002
239 31
1050 1114
773 729
1078 85
550 6
71 1424
1241 180
192 85
1713 14
864 865
1122 128
378 180
1154 36
1 74
59 570
1130 3991
178 36
311 1024
1153 72
421 261
1411 348
3982 1041
1621 36
1678 8
1448 85
964 85
835 8
853 531
245 6
329 180
1561 1208
1648 1649
1581 3987
1327 3965
645 8
1199 791
7 8
1066 8
1455 15
799 85
1625 185
2013 38
1028 59
298 1961
861 36
1186 1276
1559 724
1646 3977
332 30
385 473
1468 1849
1653 255
1758 8
115 766
539 1636
451 180
778 703
884 52
537 1824
1775 507
1044 1045
1748 1657
924 1535
682 277
608 432
168 1091
59 31
1146 15
1206 180
220 1235
1565 180
1277 170
1374 15
2051 38
1247 180
1500 72
1822 4016
1378 15
1497 15
1322 1323
1973 1996
1586 36
928 516
2030 38
1327 15
1823 4008
27 1829
638 1482
1124 15
1660 6
2022 38
196 31
3976 1797
2016 38
510 4014
3958 31
1468 36
801 1916
1001 1496
861 1211
1545 1546
67 72
91 31
1424 180
3981 3
1864 36
2018 38
1346 3955
40 1899
753 3957
327 31
1626 8
1936 72
497 72
107 31
228 31
510 15
1158 109
969 4007
5 85
1453 1004
12 1460
823 235
1540 180
458 85
170 31
1913 15
1071 15
1292 128
65 180
1845 588
1416 3995
738 3972
1726 3988
592 36
562 3979
1571 85
60 36
1153 309
713 6
573 1767
893 4014
662 85
273 2012
487 1271
823 72
1853 1854
224 255
641 642
745 746
1785 6
1939 1320
1049 72
1078 141
1519 8
1698 8
1367 1698
1688 128
829 72
1681 994
1352 1577
1498 536
1580 203
1938 38
1794 134
406 180
2012 8
3991 31
1762 851
150 8
1331 6
792 86
1842 128
495 72
84 615
1581 36
943 134
237 85
313 31
459 31
748 72
228 1285
1558 128
55 1683
1757 128
619 620
330 15
1472 1815
725 31
3949 1259
1803 1861
230 180
1011 1012
1821 102
633 723
1843 279
1174 31
1304 60
661 3960
1163 1633
1886 3949
856 817
749 1098
1227 325
648 85
1300 36
1401 3953
1679 72
1850 128
1298 72
559 3952
3989 613
243 622
408 409
162 663
281 85
693 1561
1024 508
1868 72
1364 15
1777 505
1368 72
3984 1193
356 545
843 1572
1400 159
947 948
1311 4005
817 8
1333 180
257 180
237 238
818 36
1031 85
231 128
1952 1428
616 72
897 758
177 85
1352 72
148 820
492 85
1684 180
1187 38
621 911
1928 15
1855 755
487 134
1990 8
259 1604
742 15
1684 144
1791 132
961 1905
1722 241
1529 213
1520 15
315 15
1806 6
531 31
1087 36
1380 1684
733 6
1204 790
1375 1177
971 1554
3963 425
3948 31
658 198
264 265
1156 8
763 611
1403 1277
1266 227
737 15
170 171
1638 1061
727 637
1265 684
1135 1404
692 38
136 1204
1579 180
86 201
644 128
892 128
1338 601
3965 31
5 997
364 85
1998 15
3997 31
106 1737
579 38
751 253
1716 72
930 6
361 362
1234 128
1450 1664
1165 6
475 36
889 1537
454 1380
1321 1708
503 31
500 1150
3988 31
890 72
537 180
1180 72
918 810
1289 3974
498 180
113 3975
1448 6
1216 36
240 180
1339 36
703 3961
899 180
953 1929
1652 36
3962 1330
1865 15
1933 128
1608 72
1548 85
772 128
1374 411
1293 1730
144 8
939 36
1365 4006
1818 85
1520 3948
477 1256
56 57
1738 128
890 1261
1320 1321
1036 72
1427 1066
1398 59
1546 36
422 128
1431 1268
350 180
975 1127
1956 15
1728 1318
1869 180
84 85
864 3987
967 128
1051 1044
1595 741
685 28
408 72
777 31
774 225
995 6
642 255
758 8
1753 36
275 180
908 15
1225 180
1725 134
1747 307
398 6
819 31
4001 772
1388 3990
1340 8
1397 775
745 85
1994 73
608 1490
567 568
1586 4016
635 72
959 3
9 906
61 31
1024 570
398 3952
1261 180
625 1343
95 6
932 63
1437 128
1171 72
1108 128
20 1096
448 368
1651 8
1751 128
669 6
268 3958
1071 578
3962 868
606 180
1083 128
392 1337
1318 3
1395 72
1496 1040
1646 180
1012 3947
1484 38
347 348
486 1164
1034 8
1947 36
723 19
662 1652
225 1671
418 226
490 47
1075 4005
4004 1570
1251 1715
1337 8
282 308
226 15
1796 668
1113 244
1764 128
356 3
915 806
673 3997
1315 36
1341 15
1634 128
368 31
1935 72
1553 1333
1574 6
660 1470
1451 15
4012 31
327 868
230 179
1149 1418
748 221
970 180
1510 128
323 180
319 320
3987 432
1509 72
496 931
207 76
874 1376
712 36
464 139
1906 91
1776 4010
136 6
1221 307
100 362
684 31
243 6
369 31
301 85
1125 6
1982 128
956 31
179 1842
288 31
891 128
755 756
1922 1979
1930 38
259 180
1202 6
419 1876
718 4009
621 654
678 38
1591 85
143 36
4016 432
1987 106
3964 31
718 85
299 162
1250 1649
1172 381
653 85
226 551
1257 1421
1038 702
1610 1611
572 3976
1767 3989
649 1433
615 36
497 1228
1714 15
1637 85
3999 1749
746 31
4003 31
1126 91
1064 1065
335 72
1070 630
3969 1816
1475 1263
604 15
957 6
1798 1540
1485 36
4016 31
690 691
959 31
1044 564
1900 353
1560 1601
1557 128
1555 1096
123 411
839 369
110 85
244 31
358 3996
638 36
1245 8
311 879
144 145
467 917
1478 549
1602 36
1954 4004
443 255
1866 518
1957 36
901 188
294 186
874 85
898 36
1079 3956
1736 72
175 176
1761 128
753 754
437 31
1783 128
3983 31
1319 1416
428 31
11 1460
1782 1059
1796 1580
175 180
2042 590
1692 1466
82 1265
504 36
1779 537
1316 916
647 6
311 85
1952 494
948 128
533 1144
177 1349
1639 1587
1781 802
206 207
1322 8
1100 2021
1866 4003
802 36
1317 1318
3969 219
571 572
1535 180
1996 1979
27 432
694 128
2049 38
1358 36
1446 85
154 111
1726 255
671 672
1965 38
676 1108
664 6
1951 128
1241 798
1631 542
1692 36
710 107
850 851
1469 128
794 170
879 1024
210 36
612 541
1152 834
1230 180
302 3992
548 72
67 1249
1261 477
815 1573
1435 1954
1729 1726
300 1062
88 255
4008 432
221 222
1389 949
1936 107
818 819
1046 938
695 128
1586 1135
804 777
186 31
546 437
1537 180
1648 270
381 180
723 180
3970 31
258 3981
62 15
1527 6
1906 15
179 166
795 931
1849 410
596 128
1564 488
513 897
1097 819
893 72
1326 8
1542 3985
1098 1978
1979 1413
223 85
3991 605
1796 36
1261 597
954 15
1644 85
314 315
1845 1206
1200 567
1536 13
1147 180
997 3982
412 180
551 31
1921 1280
75 207
843 8
346 3979
1507 72
110 1958
183 6
1483 36
717 128
1874 15
549 4013
550 617
705 3986
561 324
719 72
430 1313
69 15
818 367
971 8
1499 15
1015 288
4007 231
580 1161
14 3997
1840 128
656 134
1120 72
1745 407
285 180
1552 923
759 138
1424 1425
1080 160
3958 3
942 1631
1304 85
712 1662
920 3983
536 31
65 66
1243 15
1430 843
1820 6
1694 956
252 36
1522 349
1481 6
282 415
1747 1895
294 295
1073 1959
325 31
1068 30
1061 8
1773 1162
1594 3984
627 385
1615 6
1098 31
676 31
1518 654
1750 36
1449 6
1716 4002
1479 567
1090 309
574 663
1462 85
1789 15
846 74
1255 36
806 432
80 891
1839 38
133 262
1743 85
1573 8
100 3968
1683 15
546 6
1028 1398
1168 15
3953 31
822 654
669 85
1074 1075
619 40
559 1625
335 336
538 1223
1165 85
1876 956
1588 74
407 36
1213 1365
3948 472
1387 323
835 1499
910 3975
523 54
222 8
1549 1121
1600 532
4013 31
701 72
1662 423
1743 996
159 1385
513 1442
888 1052
457 128
3993 31
1665 3963
1589 93
158 159
1632 440
1198 6
1296 15
658 128
1824 566
9 6
850 1762
288 1354
386 1582
205 612
1433 180
1055 15
755 180
413 1243
10 1193
366 950
105 1386
342 180
628 128
706 180
12 298
1339 3986
1488 57
1299 324
1847 6
1145 1146
302 36
3980 31
1185 15
769 1392
1923 3949
1358 184
1638 133
289 290
1464 155
1539 1540
1415 3988
238 770
142 143
883 1589
351 6
1233 241
149 36
1940 128
790 308
1211 31
614 8
977 166
1943 128
589 17
965 36
26 6
157 72
1360 128
895 180
983 180
1198 85
1837 1174
1109 6
1658 2042
1048 4012
846 1514
2047 38
0 1
952 953
3999 1735
1958 963
1074 4005
973 34
1294 954
1355 1742
4013 732
163 1364
1044 36
411 1710
732 128
1379 36
357 3965
1551 1219
3946 31
37 38
1009 6
1005 1006
1827 1856
1673 3950
192 6
264 368
1982 2036
822 1685
826 8
3987 1457
1115 85
650 1016
373 1465
90 91
939 44
261 31
76 31
192 1079
1210 1211
1284 900
455 651
1369 3947
297 975
918 128
1968 72
1551 1553
3981 31
4001 31
104 947
310 6
1313 725
1076 3
949 950
963 31
116 31
3988 1506
1485 3988
485 72
249 1954
1718 3949
1303 285
1741 180
1151 212
1649 1758
1147 57
1528 213
220 31
870 8
120 38
73 74
1041 128
333 4009
1666 4002
1001 6
323 324
704 8
54 180
274 931
394 8
698 31
769 180
1831 128
1373 3964
3961 432
1887 38
48 6
3959 1920
1089 600
681 1059
1126 993
1090 1179
1324 313
789 35
1115 6
506 1059
891 1786
1372 4015
1574 1967
49 825
204 15
461 38
260 1658
1704 128
585 3970
922 923
200 3996
23 24
1001 1002
1932 15
191 279
140 0
834 180
131 994
1127 8
1926 4004
350 660
344 271
1390 8
92 93
707 907
903 180
1289 6
1560 988
176 8
247 72
39 8
1809 85
530 302
686 74
1349 36
1095 1689
1032 128
1661 72
631 85
24 1598
738 7
1699 128
1005 72
1858 128
1818 374
1003 36
1487 53
798 3
229 230
48 1435
539 180
504 505
807 1687
1311 85
1620 1621
373 134
840 983
1016 1189
482 1678
1775 15
71 72
1015 1746
759 31
1057 128
752 950
1182 1099
437 570
1880 15
1318 937
646 72
1433 4013
423 8
1101 72
1117 803
632 36
1867 228
1693 180
173 174
3986 31
1189 128
142 85
137 138
234 72
1911 6
1170 348
1936 1849
842 72
1194 1693
1174 934
565 31
1794 589
373 563
1974 36
1838 6
299 663
1800 167
789 85
1760 6
1388 15
493 148
2052 38
268 913
214 180
1474 1452
3959 31
588 469
1021 3956
744 8
1349 815
1371 3952
829 239
1544 15
1384 15
1878 36
1531 8
1441 383
1270 651
2010 128
911 8
1756 72
1253 1254
1791 85
434 824
1217 684
252 140
1472 3990
1530 1870
189 128
492 6
1331 633
3964 1828
518 36
140 180
1431 1695
1070 1869
696 36
1627 38
519 437
1880 806
283 284
1173 128
105 85
314 8
639 383
802 803
152 1259
417 308
211 180
1331 85
653 1190
1987 1632
1141 766
831 587
708 642
1440 36
68 172
387 225
1541 255
1086 968
1334 72
107 2027
775 91
1 224
151 85
1799 6
387 388
1435 36
3987 534
1249 1803
1376 1802
1247 1696
3973 469
1837 1918
923 570
550 85
1111 434
1403 170
1097 72
62 4006
1386 1987
274 275
1199 1200
1160 4015
1220 704
564 1944
706 394
357 1447
1333 1219
269 1134
1003 409
858 36
1672 8
214 279
333 807
53 1835
626 385
98 180
400 92
778 3961
1262 603
1908 85
845 4014
1433 1478
1833 1892
841 85
555 92
1087 453
687 72
706 3986
1104 1211
0 224
1260 85
224 141
353 4005
821 38
355 128
1401 404
1393 3982
237 380
1848 3952
163 8
321 322
1710 128
853 6
39 1369
1649 270
1151 8
1834 15
1748 85
1238 128
702 570
1364 663
647 464
1043 3993
702 31
1131 36
514 6
66 8
1765 1575
1911 1300
169 594
564 1937
904 451
1154 57
1943 174
1368 1916
913 36
959 1875
1505 129
1054 8
1660 1795
1647 538
1516 15
876 8
1042 587
1774 327
1248 6
3995 934
533 15
1860 970
121 3953
780 1076
244 166
1748 6
1655 3992
227 154
1560 72
994 1252
519 251
1669 1142
292 903
474 6
521 6
1017 671
506 85
847 848
765 1682
4002 31
1268 255
1660 85
1076 31
107 1783
1477 4006
571 36
629 36
736 261
301 3946
199 3996
1613 72
508 128
332 442
1811 273
782 85
1419 6
1817 85
2026 38
1620 85
715 128
878 86
583 6
1060 1085
757 128
35 36
1745 6
1653 309
586 6
711 85
505 180
1197 85
1206 588
1894 325
1139 180
1021 72
1645 36
3950 31
242 1421
1390 1391
536 570
1167 1436
1181 594
572 1362
1768 564
1719 1100
867 6
1030 777
707 180
460 128
1768 1045
162 180
1629 3981
429 507
1396 85
1472 85
358 359
763 3955
751 271
1222 6
636 494
319 85
1828 128
1240 798
1772 325
798 1955
683 8
466 467
532 8
1945 15
1829 128
2 31
1461 15
1563 128
539 261
1252 737
1540 850
1765 499
1959 15
803 1731
318 643
1827 36
832 8
1518 15
1257 637
112 72
11 12
155 31
534 128
1061 786
1102 128
1865 725
1525 417
1031 6
507 1704
529 128
206 72
4001 472
1677 85
4005 1281
1028 36
1654 378
411 868
313 1412
210 211
677 8
639 640
46 15
458 385
668 658
1381 3972
873 85
391 392
1215 8
247 282
527 72
1640 555
521 571
453 31
437 1744
1493 180
3951 1899
1503 38
1644 6
1661 1580
1302 709
1176 13
490 6
556 72
1616 2009
169 85
1130 1443
1924 38
364 466
10 1966
1504 72
1418 3985
1511 8
1295 1253
689 128
1400 180
1581 864
3957 31
882 781
1740 15
340 341
251 180
129 31
1045 564
3950 981
243 244
775 36
254 3946
3952 31
235 565
273 137
2035 38
1809 1047
648 649
682 724
901 180
1587 819
1334 806
789 811
1333 1616
1067 15
674 128
817 792
466 36
808 8
225 1235
161 128
1806 3987
1713 8
17 3
652 422
1399 1400
1106 36
1628 15
1324 312
1272 598
178 230
1241 1474
386 31
1606 128
1014 81
786 3963
1270 3962
21 22
1359 1037
803 676
440 15
140 141
4000 715
883 134
1992 346
1456 15
1602 1409
488 489
1134 1825
319 542
1065 220
327 1057
834 80
1782 257
369 370
329 1755
735 278
1505 1003
3999 308
965 3973
1244 811
3946 1259
1273 72
111 1867
1131 3993
369 1082
431 272
216 85
1624 85
1283 72
646 1720
1096 27
1578 180
1426 4001
983 4010
1475 6
3957 1780
1495 15
505 1156
1619 688
1513 510
1056 47
1158 108
1009 361
611 180
417 1508
982 1865
867 85
1583 923
26 1555
1872 38
1565 1713
1305 128
1396 1837
1637 3962
1446 6
622 244
1133 594
1543 6
1027 59
1583 922
1790 15
1911 85
679 152
1218 36
747 1638
241 305
408 129
976 128
946 36
1915 6
1986 188
561 85
802 676
1428 1052
1085 184
481 482
1291 8
1463 2017
1505 6
947 31
784 128
362 180
1492 1493
1878 1502
320 542
2007 38
156 174
397 450
585 6
924 36
357 6
1306 128
1284 6
40 1739
1636 736
766 2024
1950 3956
958 959
1142 1326
175 3961
664 1188
1063 8
143 186
76 1344
1954 1925
1381 85
1133 402
301 512
1806 85
974 3955
756 8
1742 1508
199 72
450 451
500 72
277 219
17 31
384 36
1036 899
139 1469
873 3977
1912 180
1533 38
889 698
1188 36
792 15
1471 85
563 564
1782 36
1585 85
48 85
1720 374
1663 128
211 1086
1134 1050
34 31
838 6
3948 1102
1529 1151
296 38
1075 180
1222 1118
1311 1074
1006 1377
1452 798
1733 3988
464 465
30 1347
1372 1486
1585 499
686 1093
292 3954
1568 3995
713 85
1014 72
996 36
1148 180
240 241
137 570
811 570
318 180
139 31
1879 3979
1208 8
3990 570
305 128
1677 463
1202 1203
1984 525
970 961
242 36
1165 3948
1705 683
1996 977
544 1206
398 85
1810 1016
86 31
1394 36
765 72
3954 432
643 570
1576 1565
749 6
1617 38
1072 1073
2012 1789
1047 36
1898 8
719 1012
733 734
42 38
958 498
172 128
1343 3966
1685 36
1218 81
1323 3974
1799 1460
282 1422
90 72
1926 15
841 798
276 682
75 36
1068 15
1681 36
793 1584
1798 531
325 469
359 200
4007 138
654 781
848 36
1502 551
1571 1805
629 1869
1228 1229
496 275
188 432
766 1191
1859 15
632 1595
1568 1856
417 31
1023 128
656 1081
271 1335
1489 3953
946 612
208 209
713 946
445 220
1822 1135
899 1519
1472 6
148 868
1417 1251
1010 128
290 1821
667 536
804 36
649 4013
1076 1940
44 180
1480 468
1356 3950
1258 411
4000 31
1201 4008
405 1771
1861 15
279 613
153 228
1442 1977
1790 238
1273 3989
1420 1440
1691 38
1740 47
774 388
1530 184
1548 1064
328 116
1463 565
208 503
35 1244
75 76
1036 3948
77 1220
1165 898
135 8
1117 72
917 128
1851 6
652 868
1689 794
481 13
1826 6
515 85
340 1567
1125 85
1707 38
1502 418
267 834
2040 38
852 218
356 1744
3985 469
292 72
1112 1113
3972 31
1050 940
728 516
1077 923
1696 634
545 128
726 85
1883 1859
1684 4000
935 3987
1641 72
1272 746
1296 542
160 128
1531 1143
146 3972
1895 8
857 72
690 325
1876 1626
1116 36
1246 36
1776 15
924 580
257 680
398 1848
1284 1379
903 3954
1249 68
532 533
1381 6
1140 307
1423 36
1250 270
401 8
1996 36
2002 386
340 85
1825 8
1251 180
1335 1461
1473 584
1990 2004
926 6
1900 8
1732 180
577 85
516 860
112 113
108 109
257 1059
1815 337
1276 1002
1995 38
158 1399
869 72
1284 85
3974 1699
824 852
887 128
1999 128
454 85
1665 36
1985 38
1972 607
1082 128
586 85
1196 123
947 432
1079 36
463 986
1848 36
725 894
47 31
1148 3985
1255 1230
1828 1888
1121 570
1098 432
1257 72
896 1442
837 697
1804 1219
737 132
4009 31
20 27
1027 1028
1447 975
1619 1294
577 751
1915 3957
1218 684
3956 2027
1430 2
1033 128
1945 956
550 2
1725 1726
1697 128
972 128
1507 1320
1838 85
804 837
666 479
950 31
3947 166
395 85
907 8
1045 1123
1554 15
1356 180
419 956
405 180
1856 180
990 991
1950 1700
890 477
1950 180
1204 1251
1685 654
1549 1175
395 6
1500 1675
1179 36
922 1054
2008 38
1580 180
614 1656
773 85
1175 36
367 819
978 15
420 3991
1777 72
195 6
566 538
1021 1950
1134 488
1346 85
306 8
1650 128
3952 1813
1205 180
652 31
462 211
118 3990
465 645
1616 8
1346 6
1237 180
1331 19
780 939
173 128
1461 253
848 1424
1440 1372
558 8
1662 947
1054 1055
1928 324
646 374
957 85
1114 488
1555 36
797 839
124 1374
1246 152
715 174
1138 1249
1011 36
2001 1524
1059 31
1406 53
913 3958
47 1830
910 36
1233 72
1730 15
141 1508
207 739
442 1068
4016 1538
1868 1048
3982 31
454 4000
844 36
1056 707
747 72
210 463
555 93
1877 1878
265 560
4003 2053
229 72
1351 6
1984 15
542 1650
115 6
1094 1095
1079 1950
1767 36
1195 128
760 1473
961 31
909 85
915 6
1081 255
609 72
1230 1376
932 239
2014 1460
1669 3999
1636 8
1297 36
560 1402
523 72
1150 155
1558 174
639 6
690 180
1045 373
993 1906
797 369
184 1863
277 166
679 1247
349 15
845 1513
540 85
276 277
1297 643
100 72
1056 72
735 85
1351 1750
654 166
493 36
1902 38
1773 85
1676 36
441 287
1315 86
167 1742
1734 1376
181 6
1760 85
390 128
722 180
1725 1729
819 1532
57 432
1746 288
643 31
1120 1121
1605 30
521 3976
89 15
1814 1376
1375 8
478 312
1399 36
1395 536
1448 1338
260 3994
1712 38
1939 479
1212 107
1290 1121
1372 180
650 72
19 1971
301 6
1011 3947
197 198
87 74
1169 8
1450 6
1772 690
1826 85
80 31
1078 252
54 607
13 31
1553 1219
582 36
1571 213
1163 134
1354 174
215 3978
1994 2002
1720 1390
1414 6
1546 3959
5 3982
342 3993
188 189
669 352
1094 170
673 6
365 36
60 61
823 565
1648 72
782 184
736 15
996 903
831 15
202 1467
766 31
1780 128
1919 38
564 31
528 180
870 470
1427 4001
1922 72
1309 299
322 15
416 128
3978 3
1921 8
1288 291
1479 791
264 36
388 225
451 1025
151 1246
1891 963
1742 31
584 1259
360 525
1453 70
1242 128
3994 1951
27 31
1698 69
1815 36
970 971
1397 91
71 459
1196 411
391 72
728 929
505 21
1212 6
309 1858
594 529
1788 15
906 507
2000 85
576 15
657 1081
1525 72
169 1133
1608 116
1882 140
1289 85
2025 1144
324 787
1575 614
338 1388
409 129
1162 688
848 459
1203 477
424 15
1197 924
347 72
838 587
820 128
378 3969
358 6
1377 1378
499 31
1251 790
1029 15
1656 499
1434 72
357 85
793 72
1001 85
1167 1163
483 484
1213 85
713 541
837 777
651 1531
1659 1586
1864 498
1909 38
1392 8
1139 1100
834 1431
1110 524
1808 846
58 1398
1932 3983
1640 85
1808 1514
2041 15
365 950
3997 469
4015 2027
94 667
727 85
3971 1281
1925 8
930 702
3985 1010
395 137
468 476
840 36
1569 6
1499 80
417 976
606 130
307 308
12 180
1734 15
1180 3950
589 255
731 3973
397 85
1385 128
1490 128
1397 85
1882 141
647 85
196 1702
1822 72
583 327
1823 6
470 279
1514 255
1063 2033
866 4009
1559 72
3964 166
1686 38
1008 1018
1700 330
574 162
974 15
400 72
1878 551
926 85
586 289
1419 68
1273 528
741 8
28 1763
1317 72
698 699
1340 1341
989 1024
587 31
118 337
1463 85
516 1717
2011 10
312 575
1632 8
1577 1375
701 159
1711 85
875 36
3970 1226
1758 433
1549 85
885 36
1539 531
552 128
1753 218
1274 36
328 36
488 31
515 728
1217 1218
1220 180
1685 621
1344 128
501 2001
825 180
230 1034
218 219
1509 652
2017 36
1931 1488
470 15
680 8
1773 688
697 1030
975 3965
642 541
3960 31
1671 128
492 493
135 1790
159 31
1040 180
321 8
1578 341
1682 401
79 368
1042 1182
79 265
309 31
2023 38
284 180
1958 962
123 180
1279 8
1748 3994
391 900
793 244
1532 128
1014 684
790 31
1114 255
1819 1720
925 6
1091 15
752 366
1185 313
693 72
527 341
421 72
525 31
752 72
1225 196
551 552
79 72
912 72
1380 4000
1771 1489
245 85
1622 128
13 432
1170 15
1779 538
200 180
1434 4010
1693 3998
1325 72
3967 31
383 972
1975 1080
637 31
657 74
51 38
212 15
237 6
1655 15
854 3973
260 72
1236 72
1356 1357
546 519
1826 1796
899 3948
1059 1310
3979 1634
190 6
1035 15
1794 2034
129 308
1811 137
480 8
1048 1651
1224 439
2025 72
1750 608
1475 85
1613 3949
1731 675
1161 128
1004 8
1814 72
1415 72
1415 767
412 413
930 1038
1176 1801
70 134
1493 1963
1424 459
23 85
1228 180
1721 417
980 38
253 830
1354 128
1476 8
474 85
18 723
517 38
1287 38
1315 856
1886 1853
931 781
218 1292
904 356
479 31
773 6
633 19
1269 85
337 180
1944 128
33 973
363 8
156 128
333 180
1144 1749
844 348
830 128
877 72
1961 1460
1975 1453
1332 443
1446 584
1162 36
1467 990
721 36
1178 1430
958 72
643 644
617 1430
184 31
1624 328
1524 8
1847 85
1500 759
284 1215
842 332
1548 6
241 31
1015 72
205 541
181 85
152 31
1470 3958
1908 6
530 3992
865 935
987 175
660 8
3970 415
1898 771
936 538
1644 1727
1614 3972
137 125
1721 98
512 3946
43 1076
452 85
326 38
353 15
1541 3963
1186 8
132 345
4008 717
768 3960
1297 318
762 282
1960 8
1562 72
825 3992
1838 387
1659 4016
916 291
1957 973
1414 85
1396 6
783 61
1870 1060
344 72
3954 1850
885 1228
543 85
1203 1261
1591 6
1106 196
428 427
826 1655
1410 128
501 72
1148 1149
473 128
1058 72
191 214
396 36
216 6
621 180
1142 3999
92 808
1762 74
767 3988
1517 38
1407 85
1893 85
705 72
1240 72
931 469
338 8
1414 1355
1031 3984
1099 831
1654 3969
3967 1508
310 1216
492 148
1701 128
886 871
1008 428
1248 85
951 38
1718 36
1362 1998
2054 38
84 261
1182 587
1869 630
28 29
3951 31
4009 1193
1577 428
1431 134
600 1142
1172 238
1602 10
1802 128
365 366
1736 557
114 15
0 134
93 674
1258 6
3985 1749
1732 3978
795 85
1918 45
720 148
963 1022
1727 36
629 630
1109 258
439 128
1438 1776
468 469
1643 1575
667 15
431 15
244 1184
900 432
665 72
1811 72
983 1438
896 72
265 368
363 1904
615 261
1290 180
1657 36
1048 180
1026 356
963 138
822 85
1370 1733
1471 819
1604 193
663 1360
540 1315
1536 15
751 36
1101 24
49 72
1163 254
1715 8
1037 1874
557 558
1894 6
2000 1721
1818 1819
99 114
1453 1080
1723 8
801 4011
665 1987
1891 962
1134 180
256 257
1592 36
1348 180
1676 1264
109 459
1152 80
920 255
1709 1535
1280 15
1599 1409
251 437
385 31
396 137
1569 685
1820 77
1681 132
280 6
250 72
3973 1701
412 3984
1799 85
1394 759
282 31
1545 6
721 53
1903 76
1164 1137
375 72
1294 8
1785 1011
962 180
403 1267
943 920
664 85
1788 241
1604 8
3986 161
1562 1741
467 31
1512 15
739 1903
1525 98
1444 15
1787 38
721 722
48 4004
837 180
1551 6
1852 8
1946 38
1540 531
240 1960
540 6
1476 974
3962 31
773 578
941 15
1923 6
1907 8
1709 580
361 3968
148 31
910 113
181 1339
1917 128
456 8
1523 8
330 3956
1301 1302
2032 38
1473 180
1441 1610
1817 629
281 1947
693 291
1584 1112
1365 36
1414 1742
1118 3978
1569 85
799 3973
1271 74
1050 134
204 668
1320 479
1058 4005
656 657
1554 961
548 465
1607 188
1963 1667
1180 1356
20 72
1358 1870
1894 1772
485 1343
849 85
878 72
1719 72
523 607
1386 36
1080 31
936 6
1184 128
584 31
1361 34
1592 584
279 695
1125 504
1678 1536
324 1366
344 253
289 36
1553 36
777 491
1625 3952
1668 1786
1923 85
1976 1746
186 187
838 1042
1935 1244
718 866
1486 8
740 38
1141 36
1465 563
914 3967
4010 31
912 3991
443 4013
1498 6
1600 180
617 2
1542 36
41 1993
1298 777
1826 668
213 596
964 503
1977 128
1983 38
23 1128
1582 128
1978 128
4014 308
1018 36
26 85
3977 31
690 656
487 1653
320 1631
932 6
3946 447
19 432
1471 818
87 88
1594 412
146 36
1813 128
1256 128
1577 180
1449 85
605 128
1674 1224
397 6
459 1282
643 415
856 86
1851 85
634 152
150 1928
91 1981
466 1467
626 627
676 432
342 343
1047 1048
393 128
2339 3263
2990 3642
2654 2395
3304 2316
3870 2103
3287 3281
3024 2117
2208 2117
3430 3187
2487 2098
3110 2111
3940 2084
3028 2997
2315 2084
3117 2337
2454 2061
2120 2077
2829 3995
3115 3069
2153 2154
2570 2089
2723 2061
2290 2156
2987 2263
2407 2783
3348 2098
3976 2182
3677 2066
3880 2123
3184 2117
2361 3958
3662 2111
3285 2089
2858 3474
2522 2523
2568 2077
2791 2463
2395 2887
4005 3834
2371 2058
2369 3242
3678 2949
3876 2061
2201 3001
3986 3432
3309 3950
3503 3242
2648 2372
2949 2064
3188 3288
2502 3969
3802 2058
3457 3986
3455 2259
3726 2064
3569 2061
3393 4005
3390 2061
2202 2463
2665 2058
3098 3699
2884 2095
2713 2111
3114 2058
3553 2639
2820 2066
3356 2066
3435 2358
3548 2077
3832 2095
3120 2066
3457 2776
3484 3952
3711 3966
3356 2511
3272 3731
2560 3332
3427 2061
3093 2354
2493 2904
2823 2472
3382 4012
3030 3031
3548 2717
3369 2066
3981 2117
2497 3300
2338 3756
3995 2720
3825 2066
3085 2497
2777 2061
2127 2077
3037 2077
3356 2098
2778 4009
2684 3804
2911 2287
3591 2084
3215 2624
3150 2066
2123 2061
3701 2098
3084 3085
3691 2836
3374 3999
3132 3103
2527 2528
3541 2058
4004 3490
3995 3224
3697 2066
3422 2077
3529 2084
2548 2344
3429 2208
3358 3971
3048 3963
3123 2077
2628 3708
3975 3883
2437 2098
2544 2570
2898 2776
2909 2058
3208 2064
2579 2098
3078 2111
2495 2868
2659 3808
2531 2077
2498 2499
2609 2061
2378 2098
2690 2935
2825 3255
3824 2084
2867 3772
2714 3554
3819 2084
2591 2098
2124 3796
2386 3013
2251 3443
2981 2061
2872 2084
3992 2364
2469 3968
2406 3781
2369 2117
3601 2064
2245 2210
3761 4013
3691 2064
2656 2098
2455 2070
3668 2282
3784 2077
3777 3579
2078 2098
2385 2066
2392 2393
2437 2721
3793 2959
2889 2890
2219 2077
3355 2084
2207 2208
2805 3761
2113 2066
2947 2089
3927 2066
3730 2963
3464 4001
2626 2677
3376 3771
3056 3991
3185 3616
3407 2210
2462 2463
3337 2686
2533 2066
2220 3543
2243 2621
2093 2084
3773 2111
2576 3569
3528 2077
2600 2767
3421 2066
2227 2228
2762 2089
2704 2061
2529 2066
3387 3634
3005 2064
3130 2513
3614 2066
2688 2928
3683 2102
4007 3361
2878 2117
3646 3339
3776 2174
2374 3666
3281 3106
2642 2643
3771 2463
3785 2077
2588 3879
2934 2916
3158 2064
3965 2117
2653 2098
2165 3225
2658 2856
3564 3971
3026 2266
3699 2169
2439 2555
2842 2305
3592 3710
3694 2077
2750 2117
3704 2061
3063 2064
2685 2066
2553 2066
2711 2744
3509 2111
2334 3995
3236 2064
3758 2098
3221 2064
2868 3711
3904 2084
2605 3838
2290 2291
3412 2583
3674 3539
2388 2061
3734 3156
3313 2708
3006 2575
3608 2077
3447 2111
3036 3984
2279 2058
3160 3684
2824 2077
3647 2066
2775 2111
3677 2098
2859 2307
3021 2061
3101 2098
2260 2066
2841 3324
2176 2373
3481 3541
3310 2210
2928 3985
2308 3207
2497 3589
2442 2117
2618 2066
2261 2966
2866 3550
3635 3977
2821 2822
3701 3547
3634 2179
3327 2934
3201 2117
3417 2066
2466 2724
2232 2787
3115 3992
3615 2098
3959 3469
2071 2066
2241 2242
3748 2520
2514 2077
3813 2111
2344 2702
2485 2102
3710 2152
2545 2098
2105 2066
2416 2537
3774 2077
3031 2964
4015 2117
2106 2107
3412 2066
2740 2225
2656 2516
3305 2583
3856 2095
2744 2117
2189 2117
2958 2098
3376 2210
2069 2117
2422 2423
2995 3103
2164 2117
3164 2066
2475 2476
2503 2070
3093 2463
3350 2997
2728 2117
2291 2064
2956 2064
3196 3146
2484 2720
3902 4011
3141 3252
3201 2431
3918 2084
2377 2624
2261 2066
2575 3110
3680 2089
3506 3507
2616 3339
2522 2077
3247 3965
2917 3959
3280 2061
3775 3776
3280 3790
3239 2700
2108 2090
2197 2066
3419 3982
2099 3209
4006 3106
2446 2098
2633 2066
2503 2758
3035 2089
2493 2061
3146 2061
2967 2968
3552 3394
3643 2098
2621 2061
2691 2935
3953 2117
4007 2652
2461 2910
2504 2505
3091 2074
2672 2673
2531 2673
3481 2102
3632 2152
3647 3359
2450 2451
3488 2066
3240 3995
2387 2388
3438 4000
2432 2098
3195 2077
3113 2117
3806 2210
3615 3263
3334 2064
2759 2728
2745 3539
3366 2503
3207 3558
3142 2098
3995 2117
2530 2589
3515 2111
3796 2380
3997 2887
2225 2226
2978 2077
2243 2066
3213 3685
2766 2414
3329 3081
4016 2117
2800 2117
3717 2205
3598 2128
3390 2435
3888 2084
2236 4004
2583 3567
2939 3994
2529 3188
2204 2205
3666 3726
2649 2077
2159 3016
3684 4010
2381 2117
4006 2117
2747 2729
2235 2337
3775 2061
2583 2758
4014 2117
3670 2098
3139 2191
4016 2336
3279 2580
3217 2061
3159 3134
2154 3163
4002 2876
3476 2259
2387 2066
3721 2095
3660 2064
2475 2637
3700 2077
2329 3293
3992 2117
2449 2111
3467 3374
2589 3201
3922 2084
3306 3704
3064 2176
3022 2098
3665 2077
3127 3982
2581 3106
2906 2414
2188 2189
2727 3732
2841 2064
3373 2084
3985 2887
3213 2199
3821 2077
2989 3112
2661 3597
3244 2746
3333 2058
2408 2064
3690 2210
3756 2339
2169 2117
3640 2061
3120 2596
2619 2077
3051 2119
3594 2354
2892 2064
2523 2344
3229 3439
3435 2064
3866 2342
3596 3946
3063 3231
2629 2066
3264 2077
2496 2098
3158 2965
3161 2061
3067 3437
2960 3954
2913 2066
2158 2971
3969 2521
3045 3777
3203 3972
3350 2098
3361 2111
2319 2463
3528 2864
3214 2098
3404 2064
3060 2095
3719 4002
3217 2922
3502 2971
3498 2735
3210 3211
3771 4016
3602 2627
3951 3831
3847 2601
2914 2602
3574 3974
3235 2077
3553 2102
2469 2064
2984 2679
2197 3430
2090 2087
2814 2815
3794 2084
2361 2494
3174 2844
3050 2064
3425 2084
2773 3152
2370 3339
2575 2117
2456 2085
2221 2061
2453 2066
2963 2964
3306 2598
3551 2058
2166 2117
3874 2084
3180 2064
2410 2064
3007 2066
3549 2095
2217 3055
3322 2077
2340 2341
3177 2066
3403 2061
3098 2077
3085 2463
3849 2077
3493 2084
3289 2058
2725 2726
2485 3114
2698 2699
2271 3832
2479 2800
3921 2077
3091 2098
3342 2058
2452 2728
2501 2117
3654 2305
4008 2700
2966 2061
3420 2484
2200 2201
3270 3971
2081 3000
3828 2061
3701 2075
3712 2084
2645 2089
3146 4007
2496 3523
3029 2061
2567 3222
2655 2077
2327 2077
2099 2066
2967 2061
3580 3676
2494 2410
2555 3990
2628 3839
3464 2098
3222 3987
3702 2066
3948 2117
3485 2208
3201 3581
2391 2638
3039 3681
3744 3424
2898 2061
2613 2061
3860 2064
3456 3201
3352 2607
3588 2117
2097 3391
3073 3074
3095 3018
2972 2098
3322 3112
2537 3245
3514 2177
3292 3769
2598 2226
2503 2565
2828 2064
2642 3965
2975 2430
2391 2061
3792 2084
3046 2111
2997 2294
2217 2098
3104 2111
3681 2465
3830 2136
3755 2098
3176 2102
2143 2064
2596 3838
2534 3953
2797 2520
3418 3964
3741 2162
2875 2436
2138 2226
3560 2077
2172 2064
3404 3885
2597 3080
3617 2084
2096 2176
2349 2077
3460 2061
2942 2064
2530 2077
3649 3985
2221 3374
3278 3601
2783 3839
3601 3602
3462 2095
2975 2976
2511 2061
2370 2066
3227 2949
2228 2117
2325 3067
3534 3659
3703 2111
3157 3158
2059 2364
3738 2509
3864 2744
2273 2117
2345 2654
2861 2077
2704 2297
3042 2066
2234 2077
2762 3084
2864 2244
3206 2532
2159 2513
2282 2117
2578 3468
3815 2077
3571 2181
2270 2806
3594 2098
3778 3200
3021 2783
2202 2199
3689 2098
3740 2077
3702 3539
2523 2064
2592 3024
2443 2058
3735 2077
2411 2381
3752 3848
2882 2509
3587 2066
2958 2797
3545 2210
3979 2117
2699 2210
3645 3753
3809 2064
2730 2077
2383 2384
3043 2752
3057 3461
2614 3948
3946 3106
2526 2941
3516 2447
3571 2066
3111 2066
3693 3588
2446 2447
2878 3530
2773 2210
3782 2084
2398 3466
3427 2059
2104 2102
3451 3972
2249 2061
3709 3636
2300 2098
2307 2834
2973 2102
2980 2102
3646 2617
3986 2117
2929 2077
3190 2307
2668 2064
2690 2691
2170 3368
2875 2077
3682 2061
3004 2965
3864 2064
3957 3312
2460 3039
2207 2475
4006 2082
3786 2077
3492 2061
2688 2098
2894 2077
3593 2066
2327 3210
3625 2372
2848 2792
3745 2061
3903 2077
2351 2158
3066 2066
3907 2084
2528 2061
3209 2484
2831 2236
4006 2517
2835 2074
2966 2262
2885 2098
3816 3988
2714 3947
3754 2064
2634 2077
2215 3988
2831 4004
3823 2581
2560 2064
3571 2098
3079 2592
2365 3266
3674 2463
3377 2072
3814 3948
2620 2064
3291 3181
2465 2890
2982 2077
3013 3834
3690 3674
3585 2342
3552 3395
2461 2061
3396 3397
2316 2102
2264 2377
3384 2469
2576 3978
2444 2117
2333 2917
3045 2886
2881 2102
2759 2133
2390 2638
3450 3024
2432 2433
3277 4014
3512 2084
3717 3754
3578 2750
3088 2084
2188 3168
2679 2115
2367 2684
2862 2822
2971 2117
2300 2066
2400 2077
2990 2070
2982 3170
2100 2077
2222 2066
2472 2463
3145 2817
3955 2117
3339 2117
2602 2061
2483 2484
2681 2098
2478 2061
3639 3640
3818 2787
3331 3588
3765 2084
3950 2117
3757 3317
3702 2098
3656 2066
3500 2550
2500 4003
2238 2182
3990 2837
2915 2463
2616 2077
2743 2058
2389 2289
3733 2077
2068 2996
3277 2058
3833 2084
2681 2682
2471 3649
3191 3979
3728 3693
3152 2463
3487 2997
2341 2117
3111 3189
3736 2381
2488 2066
2456 2066
3202 2102
2094 2095
3246 2709
3020 3588
3787 2952
3169 2098
2968 2064
2427 3024
3802 2086
2129 2752
3993 3106
2718 2077
2923 3994
2309 2660
2607 2164
2752 2182
2762 3085
3476 3179
2563 2061
3628 3045
3332 2102
2108 2109
2701 2077
2078 2066
2610 2117
3496 3987
3814 2614
2513 2834
3180 3728
2495 3966
2611 2061
2869 2077
3363 2286
2247 2077
3226 2111
3774 2310
2605 2087
2261 2098
3647 2098
3181 2064
2453 2086
2895 3273
2563 2564
3154 3954
3695 2152
2131 2790
2815 2064
3808 2061
2479 2480
3199 2790
3419 2061
2784 2785
2181 2117
2324 3239
2281 2077
4014 3589
3951 2117
3200 2181
2611 3631
2409 2410
3461 2210
2239 2306
3666 2375
2447 3850
3169 2225
2769 3257
3541 2965
3213 2064
2113 2417
3478 2170
3126 2098
3947 2117
2332 2117
3682 3337
3729 3329
3013 2117
3282 2128
2510 3977
2803 2064
2352 2470
3861 2077
2191 2753
3175 2700
3960 2117
2143 2947
2281 2836
3011 3049
2427 2098
3310 3254
2788 2084
2293 2910
3208 3969
2289 2296
3513 3514
3066 2098
2455 2117
2749 2266
2314 2066
3815 2293
2712 2210
3511 3326
2499 2463
3603 2095
3624 3442
2721 2455
3776 2064
3142 3416
2106 2077
2945 2291
3460 2086
2934 2117
2069 2070
3239 2117
2858 2066
3349 2111
3987 2117
3872 2066
2224 2061
2281 3691
3760 2436
2448 2111
2377 2061
2845 2077
2991 2227
3236 4007
2680 3346
2088 3534
3283 3559
3166 4014
3974 3869
2155 2098
2542 2369
3714 3994
3479 2111
2345 2395
3454 2072
2955 2956
2350 2898
2822 2636
2537 3122
2676 2061
3478 2323
3401 2077
3274 2587
2067 2098
3145 2934
2158 2058
3915 2077
2964 2700
2320 3324
2568 3576
2271 2117
3156 2117
3222 2064
2150 2064
3630 2098
2267 2077
3722 2084
2498 2210
2870 2058
3288 3997
3912 2084
2351 2102
3128 3537
3193 3265
2193 3202
2708 3589
2596 3589
2153 2254
2617 3339
2786 3864
3210 2064
3315 2061
2494 2061
2747 2066
3588 2834
2883 2077
2829 2058
3978 2337
3501 2971
2462 3324
2821 2862
2402 2373
2600 3106
3780 3923
2954 2066
3746 2102
3698 2061
3784 4004
3139 2077
2292 2066
2607 2064
2903 2061
3261 2061
2743 2090
3489 2145
3405 2510
3964 3138
3452 2061
2308 2077
2744 3148
2513 3858
3124 2058
3991 2117
2583 2117
2230 2111
2960 3154
2152 2887
3643 3403
3965 2999
3318 2089
3180 3588
2217 3991
2175 2098
2365 2077
3404 3951
3215 2077
3852 2084
2665 2244
2437 2455
3623 2061
2859 2077
2859 3190
2118 2111
3663 3097
2074 2117
2549 2525
2219 3860
2871 2876
2205 2916
3645 3848
2091 3970
2868 3966
2242 2102
2438 2826
3171 2993
3531 3974
3183 3108
3434 2077
2321 2841
3314 2707
2880 2064
2671 2516
3147 3148
3871 3437
3053 3966
2613 2614
2639 2058
3175 2117
3920 3909
3681 2732
3136 2555
2363 3762
3440 3951
3125 2136
3459 2061
3967 2117
2304 3289
2345 2061
2170 2171
3648 2084
3391 2191
2256 2117
3154 2143
2606 3093
2721 2061
3074 2058
3821 3955
3561 2066
3877 2084
2490 2098
3652 2077
3880 2163
2749 2098
2873 3347
3613 3691
2153 2077
2233 2746
3642 2111
2554 2098
3246 3117
2633 2098
2541 2098
2307 2117
2143 3954
2080 3000
2399 2783
3725 2077
2321 3324
3786 3494
2594 2077
3065 2077
2925 2117
3745 2081
2972 3745
2135 2058
2802 2803
2539 3503
2920 2098
3267 2077
3309 2098
2296 2117
3631 2064
2416 2077
3962 2117
3114 3994
3432 2111
2558 3961
2895 2077
2119 3353
3196 2066
2660 2111
3715 3254
3272 2338
3677 2911
2776 3986
3150 3021
2688 3985
3130 2066
2896 2418
2224 2662
2397 2700
2414 2415
2266 2117
3222 3109
2597 2064
2990 2117
3608 2199
3997 3838
3767 2210
3983 2070
3505 4002
3760 2224
3237 2084
3730 2964
2912 3601
3644 2066
3532 2077
3615 2066
3021 2408
2605 2117
3249 2084
3599 2829
3029 2489
2455 2669
2777 2513
3625 2064
2214 2077
3476 2061
2849 2077
3667 2061
3395 2431
3439 2064
3759 2871
2165 4016
2931 3263
3975 2705
3169 2740
2174 2117
3174 3175
3410 3174
2482 2497
2257 2058
3398 2111
3578 2401
2554 2285
3764 3983
2996 3201
2139 3451
2851 2102
2424 2425
2129 2064
2850 2851
2296 3589
2910 2117
3497 2098
2943 2077
3051 2064
2301 2066
2223 3162
2918 3236
3092 2835
4000 2117
3889 3053
2072 2182
3616 2061
2137 2066
2919 2077
3521 3207
2794 2795
3126 2066
2766 2061
3357 3029
2162 2463
3261 2235
3421 3452
2582 3865
2699 2462
3841 4011
3585 2064
2404 2671
2381 3106
3851 2084
3872 2098
2763 2764
3764 2077
3234 2084
3950 2070
3696 2077
2378 2221
3389 2058
3274 3275
3268 2058
3629 2800
3706 2066
3693 2058
2160 2161
2216 3427
3671 3969
2365 4005
3823 2077
3539 2117
3135 2058
3365 2077
2639 3949
2505 3949
3212 2084
2822 2463
3826 2158
3993 2196
3464 2066
3379 2871
2099 2098
3161 3531
2402 2117
3458 2111
3190 2064
2564 2064
2334 3334
2655 2841
3964 2117
2475 2089
2855 2095
2545 2066
2255 2077
2707 2708
3007 2778
3644 2392
2390 2391
3162 2064
2667 3981
2125 3816
3218 2077
3187 2064
2664 2665
3223 2058
2076 2993
3417 2098
3266 4005
3817 2098
3695 2066
2754 2098
3825 2990
4011 2182
2892 2296
3195 3954
2647 2372
3982 2117
2691 2210
3609 3578
2667 2839
2961 2464
3422 2174
2137 2098
3673 2318
2938 2212
2131 2132
2486 3097
2237 2102
3655 2064
2417 2061
3090 2077
3263 2117
3950 2741
2594 3952
3612 3336
3520 3521
3263 3378
3758 2953
3121 2064
3257 2064
2466 2066
3018 4000
2529 2098
3302 3031
3538 2135
3036 2077
2542 3032
2127 2447
3305 3809
2436 2337
3821 3304
2832 2880
2183 2402
3790 2064
2870 3113
2408 2398
3651 3963
3593 3876
3614 2098
3631 2925
2142 2563
2935 2727
3993 2117
3076 2202
2358 3780
2355 2356
3369 2098
2968 3787
2924 2485
3861 3296
2662 2436
2246 3083
2987 2069
3980 3411
3744 2061
3196 2098
3185 2768
2481 2482
2524 2077
2205 2117
3281 2117
2218 2098
2398 2089
2572 3962
3142 3122
2551 2098
3556 2077
3430 2061
3655 3047
3289 3156
2082 2111
2091 2066
3524 3083
2300 2588
2673 2373
3216 2671
2671 2463
3240 2066
3316 3317
2539 2540
2936 2066
3262 2095
3313 2066
2288 2098
2105 3955
2751 3043
3365 3687
3733 3335
2232 2463
2200 3681
2682 3213
2172 2173
3131 3953
2703 2066
3582 2061
3426 2084
4003 2700
2735 3998
2479 2066
2140 2061
3044 2061
2622 3687
3727 2098
2836 2431
3494 2596
3159 2064
3594 2066
2964 2117
2288 2673
3514 2064
2409 2077
3510 3628
3505 2061
3182 3973
2847 2058
2433 2715
2553 2098
2800 2865
3499 2066
3652 3333
3663 2077
2683 2077
2179 3330
3968 2182
3697 3552
2216 2098
2908 2098
3167 2102
3590 3791
3740 2860
2854 2072
3094 2098
3606 2283
3318 3480
2625 2626
2531 2672
3307 3308
3950 2974
3230 2061
3795 2084
3820 3855
3168 2061
3171 2058
2926 2512
3151 2089
3129 2069
2252 2077
2243 2244
2476 2463
3032 2064
2913 2154
2476 2208
2736 2061
2886 2102
3264 2426
3167 2371
2584 2064
2320 2321
2809 2058
3150 2098
2930 2931
3739 3953
3384 3968
2989 3950
2307 2612
3331 2061
2739 2090
2747 2787
2188 2066
2581 2117
2500 2077
2688 2066
2405 2406
2524 2550
3007 2098
3333 2532
2869 2870
2277 2061
2579 2910
2586 2117
3443 2442
2519 3988
2675 2846
3997 2117
2778 2631
3157 2965
2918 4007
3293 2587
2179 3242
3968 2117
2057 2058
3872 4003
3710 2058
2601 2058
2511 2512
2703 2098
2587 2094
3149 2892
2097 2066
2871 2117
2708 2117
3556 2469
2428 2639
2490 2345
3382 3383
3981 2337
3136 2061
3424 2229
2518 2463
3928 2084
3199 2058
2508 3738
2124 2163
2147 4011
2236 3751
2142 2066
2214 2215
3629 2077
2418 3371
3207 2309
2285 2061
2458 2184
3223 3953
3736 2077
2527 2066
3357 2098
3903 2279
2340 2668
3042 2098
3848 3458
2120 2948
3748 2077
2404 3216
2904 2363
2509 3163
3576 2058
2123 2124
2952 2058
2406 3806
2440 2061
3892 2792
3319 2174
3605 2084
2532 2117
2486 2102
2516 2517
3742 2095
3492 2360
2749 2066
3848 2932
3097 2058
2710 2463
2684 3581
3147 3589
3002 2095
3396 2077
2742 3334
3362 2077
2685 2098
2425 2102
3431 2128
2885 3331
2390 2066
3558 2915
3348 3217
3240 2334
3574 2066
3727 3147
3362 2815
2125 2102
2069 3148
2943 2970
3066 4005
2358 2117
2357 2358
3023 2089
2593 3450
2354 3603
3194 2077
2928 3397
3384 2061
2896 2077
2866 2843
3593 4015
2457 2085
2772 3551
3855 2503
3689 2066
2644 3083
2426 2064
2703 2298
3626 2111
2961 2098
2723 2205
3436 2229
2566 2567
2596 2117
2260 2581
2096 2061
2290 2077
2753 2117
3999 3581
2121 3265
2899 2111
2631 2064
2294 2111
2863 2064
2291 3035
3725 2266
3230 2951
3302 2102
2674 2262
3311 2111
2717 2058
3520 2098
2341 2337
3632 2212
2678 2102
2820 2138
2466 3996
3905 2077
3680 2239
2765 2066
2790 3929
2908 2066
2264 2066
2930 2077
2736 4008
3475 2077
2689 2098
3030 2077
3544 2463
3309 2066
2426 2115
2564 3976
3508 2084
2458 2516
2380 2163
3744 2229
2860 2064
2527 2098
2971 3913
3455 2077
2332 3238
2059 2117
2741 2111
2108 2066
2505 3553
3053 2058
3807 3967
2783 2087
3418 2880
3080 2089
3696 2208
3540 2066
2623 2210
3559 2102
3410 3175
2542 2061
2661 2402
3800 2727
3854 2501
3151 3152
3805 2520
3514 2179
3828 2241
2646 2210
2272 2128
2212 2064
3091 3092
3256 3093
3434 3435
3346 2064
2739 2973
3466 2399
2231 2089
3763 2077
2156 2720
2761 2848
2452 2098
3228 2098
2393 2337
2115 3627
3772 4008
3164 2098
2745 2077
3081 3006
2240 2117
2759 2061
2272 2061
3020 3180
2377 2240
2368 3032
2103 2064
2649 2850
3428 2059
3122 2269
2305 2117
3329 3006
2897 2084
2638 3856
3880 2066
3220 4016
2695 2084
2358 3002
3666 2061
3357 4006
3434 2358
2455 2775
3660 2509
3676 3960
3672 3841
3954 2117
3927 3315
2216 2066
3810 2077
3233 2064
3885 2102
2346 2077
2164 2700
3989 2876
2071 2098
2109 2061
2193 3952
3668 2287
3576 2964
3735 3514
2167 2168
2836 3262
3427 3428
3562 2296
2817 2311
3908 2084
2374 2066
3630 2066
2593 2102
3087 3959
2608 2064
2724 3568
3639 2342
2256 2182
3274 2066
2464 2575
3112 3950
2100 2167
2792 2117
4005 2117
3055 3056
2985 3726
3654 2842
2508 2509
3219 2077
2783 3932
2420 4001
2841 2698
3347 2364
2771 4003
3521 2309
2911 2282
2415 3242
2170 2089
2585 2077
2172 2189
3857 2064
3035 2162
3255 2064
2810 2089
3489 3537
2638 3589
2673 2899
2091 2814
3375 2089
2363 2932
3670 3292
2444 3549
2582 2111
3004 2061
2543 2085
2390 2098
2480 2061
3556 3968
2739 2064
3173 2077
2724 2061
3482 2787
4009 2117
3259 2077
3547 2061
2374 2375
2826 2860
2251 2077
2644 2066
2574 3729
3988 2335
2331 2066
2680 2798
2494 3958
3486 3448
3359 2061
2291 2763
2490 2066
3985 2117
3827 2084
3292 2061
2984 2066
2750 2269
3220 2077
2404 2089
3809 2583
2263 2069
2525 2550
3446 2878
2255 2241
2184 2516
2457 2544
2507 3206
3232 2245
3504 4002
3338 2295
3459 2354
3962 2364
2803 2586
3803 2077
2383 2066
2178 3513
3968 3737
3510 2066
3099 2102
3501 3502
2149 3191
3716 3664
2222 2098
3743 2077
2638 2117
3111 2307
3747 2061
2185 2066
3102 2951
2603 2980
2434 2727
3017 2066
3119 2210
2454 3980
3024 2884
2917 3296
2950 2951
3207 2064
3715 3310
2085 2364
3656 3892
3034 2444
3119 2232
2252 2631
3893 2077
3739 2424
3247 2265
3388 3389
2986 2987
2220 3544
3273 2198
2263 2064
3121 3103
3999 3589
3406 3050
3130 2098
2322 3346
2488 2610
2960 2098
3477 4001
2931 2058
2488 2098
3565 2154
3352 2164
2142 2098
3197 2584
3673 2089
3719 2064
2579 2461
3145 2066
2954 2098
3260 2077
2516 2612
3774 3083
2411 2061
2599 2077
3044 2673
2144 2117
3967 2834
3584 2598
3763 3364
3275 3293
3415 2063
3077 3860
3845 2084
3946 2117
3555 2084
2107 2064
2286 2117
3400 2084
2298 3843
3391 2061
3246 2077
2250 2061
3315 2725
3120 2098
3584 2077
3321 2098
2487 2736
2198 2336
3058 2077
2693 2295
2301 2098
3895 2405
3317 2058
3454 3707
2360 2064
2732 2957
3967 3703
3015 2084
3806 3781
2238 2117
2199 3414
3767 2627
3808 2442
3927 2725
3890 2111
2796 2057
3182 2098
3130 2777
2689 3280
3337 2064
2733 3957
2752 2117
2845 2257
3623 2842
3895 2077
3022 4014
2959 2117
3232 2089
3607 2098
2806 2271
3960 2070
2223 2061
2907 3990
3779 3456
2619 3978
3174 2064
2925 2700
3371 2117
2065 2098
3616 2768
3715 2089
3510 2098
3042 3381
3422 3776
2781 2953
2856 2710
3714 2924
3244 2077
3973 2117
2922 3563
3080 2853
3444 2111
3367 2503
2395 2117
2540 3636
2711 2786
2438 2098
2587 2117
3892 2061
3209 3420
2740 2584
2975 2098
3669 2077
3457 2077
3177 2164
2947 3468
3879 3522
3586 2084
3235 3976
2212 2213
2204 2723
2636 2431
2280 2325
3229 2423
2397 2117
2604 2112
3031 2058
3336 2061
3260 2807
2293 2064
2585 2586
3849 3500
3788 2077
2480 2800
3418 2061
2616 2617
2765 2098
3252 2117
3345 2095
3604 2129
2488 2609
3296 2064
2560 2112
3050 2166
3727 2066
3235 2564
2937 2358
2605 2413
3460 3471
3639 2066
3499 3963
3784 2236
2570 2518
2933 2084
2357 2061
2165 2098
2615 2102
2794 2964
2243 2098
2256 2429
2751 2752
2547 2548
2199 2117
2877 2061
2343 2061
2361 2066
2580 2064
2500 2771
2171 2210
2388 3984
3952 2117
2199 3679
2264 2240
2966 2675
2780 3766
3269 3971
3489 2061
3189 2061
3743 3069
2119 2117
2807 2271
2756 2061
3664 3999
2113 2098
2251 2442
3062 3858
2438 2066
2677 2117
2661 2077
3185 2066
2827 2235
2440 2441
3196 4007
2600 3472
3075 2504
2121 2061
3253 2286
2451 2789
3507 3539
2624 2064
2155 2156
3012 3155
3048 2058
2658 2710
3502 2064
2544 2064
2255 2256
2264 2098
3956 2117
3152 2509
3607 2273
3343 3949
2068 2098
3613 2061
2755 2061
2392 2061
3157 2077
3815 2910
3785 2921
2185 2467
2312 3807
3686 2098
2680 2077
3751 2102
2733 2277
3057 2089
2792 2182
2227 2956
3952 2700
3100 3655
2250 3113
2280 3239
3914 2084
2234 3442
2178 2179
3247 2077
3606 3993
3364 2630
3526 3124
2734 2077
2943 3946
3097 2925
2937 2098
2642 2066
3371 2979
3428 2064
2495 2066
2907 2066
3098 2169
2441 3715
2492 2493
3522 3018
2647 2648
2503 2117
3306 2098
3938 2084
2613 3948
2310 3083
3069 2064
3293 2064
3796 2102
3297 2077
3681 2064
3653 2857
2520 2373
2422 2077
3118 2077
2697 2600
3702 3506
3164 2871
3554 3894
3895 3998
3269 3270
2334 2061
3520 2066
3580 2077
2080 2077
2941 2061
3973 2887
3344 2064
2127 3517
3032 2369
2146 2077
3380 2238
2804 2463
2853 2463
2722 2064
2502 2249
2987 2061
3045 2064
2073 2061
2545 2611
3313 2098
2875 2662
3708 2111
2533 2098
3885 3389
3497 2066
2359 2198
3638 2111
3891 2077
2808 2102
3697 3395
2646 2666
3211 2870
2392 2857
3643 2959
3488 2802
3103 3530
2510 2064
2309 2758
3675 2111
2816 2077
3777 2089
2231 2232
2492 2363
2213 3710
2927 3690
3049 4009
3009 2102
3768 2084
2827 2716
2204 2066
2541 2066
2483 2058
2701 3807
2995 3566
2097 2753
3701 2066
4013 3399
2798 2117
3314 2061
2818 3886
3401 2957
2836 2932
2644 2098
3657 2077
3276 2926
2936 4004
3440 3404
2704 2298
2655 3324
3028 2077
3993 2641
3416 2061
2825 3962
3290 2066
3010 2596
2250 3210
2400 2401
3593 2098
2682 2199
2874 3115
2976 2061
2478 3175
2067 2790
3630 3062
3007 4009
2543 2544
3520 2309
2883 2636
3506 3539
3448 3998
2355 2066
3569 3978
2586 2969
2850 2064
2086 2117
3837 2098
3094 3981
3040 3947
2591 3606
3201 3675
3816 2058
2848 2064
2961 2575
2993 2887
3090 2172
3709 2077
2742 2077
3566 3103
2692 2248
3704 2598
2833 2111
2360 2198
2204 2098
2928 2061
2437 2066
2602 2501
2912 2628
3866 2077
3227 2273
3695 2098
2666 3848
3023 2499
3003 2066
3465 3495
3769 3983
3245 2102
3329 2089
2972 2066
2553 2121
3251 2077
2787 2117
3604 2077
2138 2117
3448 2405
3073 2077
2907 2098
3370 2061
2503 3773
3620 2098
3521 2061
3971 2117
3286 2804
3812 2112
3360 3263
3433 2472
2464 3729
2600 2117
2912 2061
3251 3649
3560 3542
3083 3831
2354 2117
2371 3371
3610 2084
2532 2799
2068 2066
2270 2098
2702 2095
2761 2077
2621 2864
3897 2084
3959 2117
2898 3986
3393 3266
2770 3589
3149 2296
3214 2066
2511 2926
2305 2652
2505 2064
2634 3650
3327 2311
3278 2628
2658 2089
3189 2307
3799 2061
2508 2066
3616 2107
2347 3972
2067 3248
2324 2077
3423 2077
2986 2098
3964 2782
2999 2785
2496 2497
3014 2102
3306 2066
2849 3471
3540 3775
3424 2220
3009 2909
3718 2061
2770 2117
3588 3589
3636 3503
2372 2373
2344 2663
3749 2708
3144 2064
2697 2571
3670 2066
2951 2117
3407 3579
3641 3441
3090 2189
2963 3302
3523 2497
2733 2066
3966 2700
3485 3429
2854 2061
3837 2140
2997 3939
2604 2560
3525 2077
2142 3976
3898 2084
2154 2110
2067 2066
3729 2064
3971 2758
2183 2061
4000 3345
2993 3241
2936 2831
2412 2084
2795 2964
3140 2077
3070 3956
2819 2111
2978 3070
3602 2089
3214 3183
3672 2209
2362 2077
3683 3664
3113 2373
3438 2077
3665 3551
3931 3484
3536 2084
3043 2129
2549 2550
3331 3180
2816 2459
2561 3719
3278 2077
2768 2117
2314 2098
3504 3505
2301 2235
3104 2295
3963 3060
2447 2117
3805 2064
3661 2111
3077 2138
2187 2084
2973 2743
2674 2077
3840 3809
3200 2058
2387 3984
2919 2790
2838 3086
3791 2058
2948 2354
2550 3589
2188 2098
2678 3500
3228 3229
3533 2064
3692 2084
3318 3319
3671 3208
3416 3122
2470 2058
2825 2061
3324 2117
2918 2077
3696 2207
3599 2077
2659 2098
3597 2402
2383 2098
2427 3325
2969 2111
3017 2098
2566 3987
3356 2512
3335 2064
2677 2373
2328 2176
2451 2210
2434 2077
3162 2532
3340 3802
2355 2098
2514 3997
2914 2098
3497 2402
3420 2064
2145 2117
2088 2089
3575 3576
2578 2210
2410 3958
2584 2225
2175 2096
2467 3542
2525 2678
2280 2061
2899 2295
3614 2250
3766 2501
3498 2102
4013 2269
2159 2077
3518 2111
3441 2058
3840 2583
3189 3190
2748 2102
2265 2064
3218 3223
3202 3484
3542 2615
3442 2058
2492 2098
2984 2115
2746 2447
2367 2066
2686 2118
3350 3487
3294 3074
2332 3662
2696 2605
2609 2610
2591 3993
2352 2077
2901 2064
3535 2878
2422 3439
2266 2182
3307 2077
3436 3744
3986 2087
3332 3342
3958 2117
3056 2064
2970 2064
2461 2293
2384 2818
2487 4008
2499 2152
2338 2089
2236 2064
3287 2077
2619 2620
2867 2077
3467 2077
3303 2731
2347 2139
2994 2744
2353 2354
3523 2482
3704 2597
3566 2061
2307 3354
2543 2077
2085 2117
2854 3454
3225 2061
2805 2077
3243 2595
3380 2942
3066 3393
2956 2228
3293 3294
3569 2620
2738 2077
2891 3392
2686 3106
2414 2064
2649 3973
2273 3813
3799 4014
2140 3283
2976 3308
2790 2117
3596 2061
2105 2098
3272 3263
2808 2809
3985 3581
3172 2084
2717 2235
3367 2064
3687 2064
3528 2244
2519 2066
3254 2463
2539 2066
2995 2066
2526 2238
3351 2871
2992 2743
2318 2210
3706 3623
3713 3828
2852 2064
2328 2064
2820 3077
2929 2764
2291 2156
2752 3801
2723 3754
3531 2064
3822 3198
3669 3048
3901 3171
3193 4010
2477 2064
2923 2924
3595 2102
3192 2077
2060 2771
2473 2474
3429 2061
2436 2117
3043 2061
2809 3997
3232 2246
3881 2297
2489 2064
4012 2373
3253 3363
3194 2484
3276 2512
3875 2084
2838 2089
2701 3967
3334 3995
2416 3122
2438 2397
3165 2095
3198 2700
2266 2888
3651 3655
2920 2550
3445 2686
3647 3975
2427 2066
3887 2084
3449 3450
3386 2061
2237 3268
3385 2098
2798 2431
3857 3347
4000 2373
2103 4008
3351 3759
3405 3977
3087 2463
3894 2064
3840 2077
2624 2240
3769 2064
2905 2077
2298 2117
3598 2098
3736 3533
2502 2098
3933 2084
3963 2117
3680 2306
3750 2084
3732 2111
3601 2628
3980 2117
3474 2061
2321 2061
3296 2838
2906 2415
3597 2064
2423 2117
3155 2064
2814 2061
3524 2310
3644 2098
2951 3242
3660 3151
3109 2102
2782 2295
2083 2084
2555 2064
3681 2201
2942 2238
2423 3869
2949 2273
2415 2117
2919 2131
2368 2077
3320 3996
2856 2210
3932 2111
2783 2117
2076 3045
2305 2833
2595 2064
2213 2102
3075 2098
3853 2084
3755 2066
2435 2690
3612 2098
3258 3909
2957 2201
2173 2791
3554 2061
2645 2646
3359 3170
3960 2974
2843 2061
3670 3983
3433 2210
2738 2090
2103 2104
2519 3370
2074 2431
2286 2337
2467 2061
3651 2077
2099 2484
3055 3991
3726 2375
3016 2513
3993 3742
3724 2981
2432 2605
2617 2064
2939 3714
3677 2282
3025 3973
3122 3463
3764 3769
3340 2077
2285 2286
3776 3318
2114 2077
3572 2167
2375 2117
3571 3572
2207 3538
2670 3496
4004 2117
3441 2501
3510 2993
3266 2064
3595 3766
3352 2061
2482 2064
3637 2077
3265 4010
2166 3089
3298 2332
3969 2070
2057 4001
2778 2061
3291 2818
2585 2803
2073 2630
2575 3846
3899 2084
2823 3433
3734 3283
3393 2061
3848 2117
2294 2295
2861 2925
3159 2638
3999 2117
3082 2753
3231 2102
2644 3524
2753 3137
3565 2061
3686 3582
3389 3951
2676 2347
2687 2064
2818 2819
2960 2066
2852 2136
3374 2064
2115 2117
2972 3000
3653 2393
3989 2117
2227 2061
2950 3230
2642 2098
3713 2098
2838 3087
3486 3998
2489 4006
3357 2066
3972 2700
3659 2463
2672 2064
2189 2720
2299 3273
2523 3621
2530 3201
2653 2066
2753 2448
3502 2351
2154 2117
2756 3252
3749 2707
2798 3661
3058 2441
2525 2064
2259 2117
2712 3082
3261 2827
2311 2064
3723 2077
3160 2102
3966 2117
3746 3494
3486 2098
2608 3014
3685 3076
2985 2077
3808 3443
3880 2098
3570 2066
3178 2064
3583 2061
3762 2111
2662 2064
3348 2922
2894 2532
3535 2077
3728 2102
3170 3975
2954 3698
2567 2061
2229 2652
2729 2787
2832 3964
3743 3992
2197 2098
2707 2064
2609 2687
3301 3428
2540 2061
3825 2098
2732 2102
3705 2084
2810 3564
2647 2098
3978 2117
3539 2652
2401 2064
2088 3659
3965 2373
3006 2463
3423 3424
2536 2098
2471 2102
2679 2426
3475 2443
2940 2111
2335 2111
2150 2101
2760 4013
3387 2210
2910 2337
2727 2196
3150 2783
3399 2111
2890 2201
2643 2061
3894 3947
3295 2636
3876 2901
3064 2077
2554 2286
3513 2061
2626 2064
3290 3882
3988 3106
3417 3964
3179 2064
3609 2098
3394 3395
2656 2066
3604 2752
2270 2271
2247 2248
3492 2198
3405 2061
3211 2102
3205 2077
2908 3946
3295 2821
3108 2064
3572 2181
3620 4013
3257 3258
2090 2117
3020 2077
2589 2590
2257 4004
2248 2144
3738 3660
2821 2089
3063 2630
3414 2095
3284 2066
3706 2305
2331 3511
3977 2117
3241 2095
3645 2061
3506 2061
3296 3959
3041 3263
3136 3990
3889 2077
2265 3965
3024 2758
2731 2058
3044 2672
3448 2061
2771 2772
2479 2098
3016 2064
3487 2061
3420 3099
2065 2877
2684 3338
2993 2834
3524 2061
3118 3049
3131 2534
3463 2111
3061 3062
3471 2064
2386 2061
3431 3282
2719 2084
3291 2077
2574 2077
3618 2084
2587 3850
2648 3625
3275 2587
3354 2111
3162 2507
3300 2095
2902 2903
2090 3447
3351 2061
2831 2061
3339 2364
3243 2596
2630 2336
3947 3349
3304 2064
2873 3857
3791 3991
2917 2061
2760 3761
2380 2058
3620 2066
2826 2397
2331 2332
3271 3960
2806 2061
2795 2061
3120 3243
3437 2058
3882 3295
2604 2061
2401 2750
2716 2102
2353 2077
2674 2675
2835 2064
3362 3970
2789 2638
3370 3988
2903 3989
2504 3949
3787 2102
3190 3680
3203 2066
2714 2098
2310 2064
2154 2431
3562 2058
2711 2066
3221 4016
2911 2061
3780 2111
3280 3281
3916 2084
3621 2102
2883 3295
3299 2064
2123 2163
2143 3757
2218 2341
2442 2700
2902 2066
3547 2075
2509 2612
3532 3392
2370 3646
3973 3046
2994 3864
2751 2066
3499 2098
2443 2444
3717 2077
3969 2117
3989 2473
3602 3767
3572 2061
2828 3984
3829 2959
2357 3435
3250 3299
2846 2847
3155 3013
2225 2117
3216 2210
2391 3159
3379 2077
3522 2102
3905 3147
2478 3174
2913 2098
2372 2117
2817 2934
2354 2182
2976 2430
3609 2750
2114 3991
2920 2549
3502 3285
2424 3953
3871 2077
3191 2061
2955 2077
2681 2199
2468 3967
2618 2098
3430 2144
2997 2767
2071 2072
2420 3478
2868 2061
3777 3407
2958 2520
3527 2722
3116 2077
3363 2064
3103 2117
3439 2423
2131 2064
2618 3489
3128 2077
3587 2136
2292 2836
2165 2066
2149 2066
2628 2431
3395 2117
2746 2058
3974 2117
2689 3281
2922 2117
3996 2337
3664 2058
2796 2077
2284 2102
3288 2808
3179 2259
2277 2278
2905 3062
4012 2117
2181 2784
3467 3999
2214 3988
2309 2431
2287 2064
3915 3562
3580 3960
2794 2066
2534 2061
3911 2077
3578 2061
2777 3016
2308 2309
3741 2210
2754 2755
3971 3834
2137 3175
3635 2066
3325 3024
3005 3979
3102 2077
3245 3868
2192 2712
3632 2077
2435 2064
2842 3673
2988 2102
2460 2066
3228 2066
2791 2189
3738 2061
2978 3956
2109 2739
2231 3119
2140 3156
3811 2084
3551 4003
3516 2061
2753 3106
3317 3954
3256 2089
2430 2767
2508 2098
2314 2825
3543 2210
2958 2066
2858 2098
3759 2064
3392 2447
3583 3026
3330 2095
2464 2061
3036 2828
2446 3516
2433 2061
2924 2064
3480 3319
3125 2852
2768 2812
3906 2084
3822 2477
3127 3419
3256 2606
3828 2256
2097 2098
3027 3957
3461 2546
3336 3051
3830 2852
3724 2098
3298 2077
2820 2098
2168 3200
2941 2942
2905 3061
2405 3498
2456 2457
2409 3958
3365 2990
3290 2098
2551 2066
2711 2098
3994 3589
4010 2117
3788 3684
3689 2912
2430 2431
2631 3011
3748 3805
3659 2550
2824 3222
2579 2066
2892 2893
3027 2278
3092 2074
3431 2077
3779 2077
3473 2084
2779 2084
2178 2066
2560 2823
3762 2295
3975 3622
2454 3144
2988 3802
2945 2061
2512 2837
2740 2061
3263 3001
2363 2117
2811 2084
3227 2061
2998 2668
2997 2117
2858 2444
2201 2117
3391 2753
3215 2240
2133 2728
2312 3967
2112 2117
2682 2061
2245 2246
2311 2934
3108 3184
2817 2061
3285 2804
2450 2089
2733 2098
3386 3117
2999 2111
3076 2210
2411 3533
3374 3683
3195 2143
3495 2064
3055 2061
3164 3351
2439 2077
2857 2393
3862 2084
2900 2901
2533 4011
3798 2084
2274 3966
2356 3699
3284 3645
2180 2077
3101 3358
2208 2855
3008 2102
2877 2878
2657 2061
2424 2064
2643 2265
2267 2144
2081 2064
3847 2077
2497 2117
3790 3281
2939 2098
4009 2916
3533 2381
2173 3545
2309 2117
3976 2117
2731 3973
2927 2089
2570 3783
2460 2201
2827 2064
2653 2756
2721 2722
2524 2525
3185 2098
2301 3261
3477 2077
3383 2064
3233 3256
3250 2077
3477 3478
3146 3236
2668 2341
2071 2854
2782 2111
3149 2077
3979 2269
2184 2064
3272 2064
2444 2182
3325 2592
3700 2847
3397 2471
2757 2064
3753 2064
2480 3344
3281 3479
3035 3741
3166 2077
3689 2628
3417 3418
2271 2582
2843 3550
3925 2210
3730 2077
2861 3631
3075 2066
3716 2077
3370 2215
2180 2909
3657 3977
3753 3848
3452 2770
2435 2727
3673 2319
2063 3989
3478 4001
3127 2098
3491 2198
2208 2932
3488 2586
2325 3239
3882 2061
2217 2066
2100 2181
2152 2117
3369 2600
3909 2725
3134 2102
3194 3420
3403 2959
2727 2117
3724 2066
3594 3459
2744 3589
2193 2064
2174 2364
2728 2799
2078 3347
2215 2125
2433 2605
3013 3638
3653 2077
3544 2229
3343 2077
3156 2373
2824 3987
3807 2064
2673 2117
4015 2269
2540 3503
3377 2077
3706 2098
3166 2150
2894 3162
3927 2098
3676 2064
2278 2064
3814 2077
3818 2231
2765 2415
2832 2077
3714 2061
3981 2376
2975 2066
2648 2061
2846 2102
2709 3117
2060 4003
3292 3983
3415 3989
3925 3564
2698 2462
3100 2061
3026 2064
2915 2309
3614 3113
3620 2760
2460 2098
3783 2518
2939 2066
3820 2066
3635 2098
3954 2700
2477 3198
2850 3973
3154 2061
3793 2077
3074 2587
2590 3456
3115 2061
2681 2066
2839 3981
2802 2586
3390 2727
3024 3589
2760 2061
3480 2210
2163 3797
3144 3980
2550 2117
3727 3465
2684 2117
2482 2237
2684 3462
3537 2064
2086 2940
3184 2190
2522 2344
3760 2066
3590 2102
2161 2064
3080 2623
2979 2111
3423 2229
2333 2098
3377 3454
3468 3954
3013 2932
3678 2077
3870 4008
3543 3544
3641 2077
2818 2117
3686 2066
3975 2117
2385 2386
3094 2667
3920 2077
2453 3460
3695 2938
2171 3368
3010 2077
2599 2600
2698 2089
3537 2145
3298 3326
3107 3184
3982 2373
3483 2074
4007 2431
3658 3980
3503 2117
3018 2058
2690 2089
2519 2098
2738 2739
3297 2610
2468 2098
2110 2111
2536 2066
3753 2645
2350 3986
2839 2064
3855 2061
2874 2098
3876 4015
2320 2066
3027 2077
3077 2061
2233 2102
3450 2058
3724 3952
3286 2210
3469 2095
3596 2970
3326 2332
3606 2061
3778 2077
2947 2578
3397 3985
3040 3894
2378 2066
3459 3233
2625 2677
2959 2070
2569 4012
2417 3371
3482 2077
2558 2058
2343 2344
3911 2483
3825 2622
3177 3352
3062 2117
3872 2060
2207 2064
3137 2095
2086 2087
3650 2064
3554 3947
3598 2272
2706 2084
2924 3994
2686 2117
2953 2700
2378 3999
2659 2066
3542 3961
3924 2084
3270 2810
3034 2077
3197 2225
2763 2102
3451 2058
2327 3113
3511 2332
2879 2066
3322 3950
2363 3546
3415 2077
2735 2058
2101 3277
3957 2117
2804 2971
2146 2124
3309 2989
3707 2470
2597 2598
2430 3226
3442 3982
3956 2337
2599 2571
2622 2990
3812 2098
3281 2767
2888 2095
2877 3446
3667 3062
3740 2397
3359 3975
2795 2963
2765 2766
3188 3997
2300 4000
2162 2156
3491 2066
3412 2098
2534 2424
3403 3829
3485 2098
3837 2066
3613 2836
3483 2077
2536 3960
3957 2070
2400 2750
3909 2058
3406 2166
2627 2628
2147 2863
2507 2102
3308 2430
3635 3405
3187 2692
3507 2064
2784 2111
3057 2546
4010 3019
3545 2791
3064 2328
3070 2064
2428 2077
3484 2058
2914 2066
3366 3367
2755 3951
3168 2189
2941 2238
3570 3968
2465 2889
2367 2440
2771 2064
3755 2322
3731 2102
3369 2697
2725 2117
2998 2341
2633 3476
3419 3650
3341 2077
3206 2058
3107 2077
2751 2098
2132 3199
2989 2061
2805 4013
3866 3585
3336 2119
3061 2064
3756 2210
3558 3409
3183 2061
3709 3503
2333 2066
3421 2770
2563 3976
2879 2343
3271 2061
3109 3496
2388 2828
3368 2463
2757 3252
3901 2077
2350 2098
3285 3286
3381 2971
3534 2210
2408 2783
3003 3004
3111 2098
3991 3720
3612 2119
2993 2117
3372 2095
2240 2373
3891 3868
2802 2061
3395 3515
3126 2280
3527 2455
2191 2064
2115 2269
3967 2373
2766 2415
3560 3961
3385 2066
3758 2967
3961 2117
2277 3957
3800 2066
2452 2759
3436 2066
3140 3625
2948 2058
3941 2077
3896 2256
3252 2364
3465 2061
3561 2098
3191 3005
3658 2077
2636 3078
3133 2084
2986 2066
2885 3588
3424 2064
2262 3530
2386 3155
3279 2581
3025 2850
2907 3136
2160 2077
2923 2077
2289 2061
2666 2463
2622 2061
3868 2058
2921 2922
4001 2117
3402 2084
3468 2463
2636 2117
3147 2117
3029 4006
3842 2077
2965 2916
3409 2210
2641 2111
2329 2077
3627 2111
2526 2066
3472 2111
2654 2064
2349 2395
3158 3481
3381 3502
2588 2061
3474 2444
3258 2102
3039 2061
2754 3951
3868 3122
3438 3879
3570 3384
2133 2064
2528 3956
2289 2892
2633 2259
2329 2587
3678 2273
3086 3087
2370 2098
3304 3955
3209 2061
2630 2117
3385 3117
2880 3964
2554 2066
3684 2058
3385 3386
2991 2098
3358 2061
2996 2589
3161 3974
3986 3581
2121 4010
3946 2962
3823 2580
2128 2700
3483 2835
3037 3005
3284 2098
2961 2066
2413 2111
2938 2061
3455 3179
3639 2098
2501 2700
3122 2117
2580 2581
3557 2164
3574 2098
3570 2098
3264 2115
2173 2089
3621 2548
2374 2098
3615 3360
3295 2064
2492 2066
2355 2169
3711 2064
3937 2084
3859 2077
2985 2375
2528 3070
3657 2510
3017 4012
2862 2210
2487 2066
3471 2086
2384 3181
3231 3364
2326 2084
2105 3718
3139 2753
3257 2725
2156 2117
2063 2064
2292 2098
2539 2098
3326 2064
2981 2193
2222 2223
3902 2077
2789 2463
2657 2184
3083 2117
2075 2364
2764 2156
3409 2915
3394 2064
2496 2066
2252 4009
2572 3255
2544 2085
2190 2111
2734 2735
2149 3979
3630 3667
2168 2102
3718 3955
3994 2117
2614 2064
2780 2077
2453 2098
2161 2770
2844 2601
3745 3000
3577 2111
3297 2687
3998 2117
2254 2064
3380 2077
3383 4012
3760 2098
2844 2102
3699 2064
2890 2463
3348 2066
3525 2283
3464 2420
2581 3165
3099 2483
2260 3279
3934 2084
3656 2792
3996 2117
3517 2233
3505 3719
2998 2077
3977 3411
3892 2848
2316 2459
3366 2077
3803 2952
3959 3884
2306 2463
3145 2098
2126 2077
3124 2953
3487 3178
2882 2077
2667 2061
3540 2174
3735 2179
2178 2098
2274 2077
3983 2117
2222 2532
3412 3305
3478 2064
3747 3198
3314 2708
3131 2098
2241 2256
2459 2058
4007 2117
2509 2117
2457 2061
2815 3970
2675 2262
2432 2066
2693 2111
3203 2098
3129 2263
3101 3971
2466 2098
2900 4015
3501 2077
2936 2098
2405 3998
2359 2077
2310 3232
2659 2442
3014 2443
3276 2077
3848 2431
2984 2098
2748 2948
3619 2077
3881 2298
3539 3106
3178 2997
3970 3589
2873 2077
3075 3949
3028 3178
2627 2463
3830 2077
2664 2077
3132 3121
3552 2061
2091 2098
2730 2489
3656 2098
2541 2542
3305 2061
2576 2098
2407 2408
3817 3198
3998 3945
2101 2102
2323 2057
3159 2450
2625 2077
2520 2117
2459 3955
2389 2098
3752 3753
2962 2095
2079 3347
3947 2431
2963 2064
2602 2603
2722 2455
3643 2066
2546 2332
3324 2364
2356 2169
3734 2077
3900 2084
3047 2102
2387 2098
3561 2411
2074 2758
3987 2700
3644 2393
3634 2463
3323 2095
3879 4000
3287 3790
3307 2430
2198 2117
3579 2993
2288 2066
3810 3394
3564 2463
3747 2477
2747 2098
2938 2152
2709 2064
3718 3304
2267 3187
2201 3721
3205 3206
2425 3223
2761 2792
3183 3184
2786 2744
3230 2382
3299 2075
2594 2193
3344 2800
3413 2084
2550 2834
2913 3565
3500 2058
2590 2102
2239 2210
3437 3239
2208 2887
3511 2061
2586 2182
2163 2117
3485 2066
2420 2061
2185 2098
2504 2061
3378 2095
2288 3044
2167 2181
2900 2077
2078 2079
2398 2399
2714 2066
2304 2077
3173 2380
2516 2117
3494 2058
2113 3371
3550 2117
3371 2269
3101 2066
3723 3531
3948 3563
2842 2064
2065 2878
3081 2210
2935 2463
2896 3371
3123 3124
2866 2098
2282 2373
2175 2066
3125 2061
2696 2715
2807 2064
2212 2152
3446 2064
2465 2089
2135 2208
2716 2717
2261 2262
2347 2064
3873 2084
3350 2066
2736 2103
2224 2436
3930 2084
3410 2077
3984 2916
3047 3048
3045 2993
3800 2098
2086 2652
3637 2112
3023 2498
3961 2700
3000 2117
2389 2296
2223 2532
3375 3376
3320 2077
2686 2834
3301 2059
2611 2925
3327 2077
3820 2503
3052 2102
3004 3158
3141 2757
3346 2798
2755 3404
3737 2111
3854 2077
2623 2853
2218 2340
2968 2953
2279 3993
2212 3023
2724 3996
3723 3974
2244 3453
3274 2098
3058 2684
3056 3590
3116 2839
2886 3171
3672 2089
2287 2282
2368 2369
2769 2725
3129 2077
2271 3633
3025 2061
2331 2098
3360 2061
3559 3289
2903 2063
2229 2230
3525 3993
2914 2501
3198 2117
3667 3061
2385 3013
3440 2077
2096 2328
3926 2084
3558 2089
3535 3446
2882 3660
2221 3999
3134 3135
2610 3626
3406 2077
3184 3935
2350 2066
3488 2098
2197 2144
4002 2117
2553 4010
2921 2064
2175 2176
3100 3963
2325 2064
3301 2077
3368 4001
4008 2117
3844 2084
2982 3975
2283 3993
2468 2066
2996 2061
3516 3517
2134 2077
2774 3159
3379 3759
3882 2636
2588 4000
2216 2059
3265 3160
2909 2581
2362 2363
4003 2117
3592 2077
3449 2077
3151 2773
2312 2061
3842 3816
2595 2596
2346 3972
2615 2558
2305 2431
2106 2768
3941 3135
2439 3990
3176 2665
2297 2064
3497 2183
3386 2709
3810 3395
3214 3184
3220 3221
2112 2336
3358 3270
2715 2605
3770 2084
3905 3495
2634 3982
3611 2084
2981 3952
3772 2058
3367 2658
3079 3024
2068 3201
3082 2463
3092 2061
2179 2117
3686 2166
3860 2138
2473 2111
3917 2084
4011 2117
2853 2598
3321 2613
3303 2077
2902 2098
2283 2064
3970 2117
3254 2684
2338 2339
2155 2945
2314 3962
2937 2066
3671 2077
3519 2084
2851 2731
3495 3147
2136 2070
3650 3982
2718 3063
2359 2360
3243 2061
2636 2932
3436 2098
3685 2089
3335 3550
2358 3089
2705 2111
3801 2111
2589 2064
3733 3550
2810 3925
3841 2463
3775 2174
2618 2145
2754 2066
3187 2144
3168 2172
2434 2435
3861 3959
2079 3857
2683 3277
2536 3271
3936 2084
3217 2921
2076 2077
3325 2061
2406 2089
3496 2058
3375 3771
3943 2084
3835 2084
3443 2064
2069 3577
3619 3791
2891 2102
3584 2597
2150 4014
2259 2726
2937 2357
2407 2077
3041 2077
3279 2061
2144 2337
2343 2523
3127 2066
2177 3387
3312 2111
3527 2077
2770 3839
2284 2279
3547 3299
2904 2064
2566 2066
3812 2066
2323 2102
2696 2077
2320 2098
2548 2058
2952 2953
2146 2163
3582 2166
2561 4002
3499 3100
3826 2077
2367 2098
2228 2799
2629 2630
3253 2077
3818 2064
3953 2226
3640 3585
2514 3288
3971 3311
2843 3335
3698 2677
3140 2372
2950 2066
2441 2684
2470 2072
3465 3147
2472 2112
3919 2084
2541 2369
2592 2064
3128 2145
2631 4009
2177 2089
3944 2084
2685 2686
2950 2098
3694 3114
2145 2337
3320 3568
2502 2066
2181 2182
2643 3965
2160 2770
2244 2117
2955 2228
3608 3213
3881 2077
3338 2111
3963 3444
3203 2676
2526 2098
3308 2064
2209 3841
3859 3199
3131 2066
3003 2098
2322 2798
2692 2102
2632 2084
3793 3829
2490 2395
3949 2117
2278 3957
3102 2382
2346 2347
3836 2084
2592 2593
3749 2077
3316 2077
3758 2066
3382 2061
3561 2381
2814 3970
3725 3026
2356 2061
3192 2119
3523 2061
2610 2431
2342 3563
2248 2058
3687 2990
3010 2595
2126 2728
2786 2061
2249 3969
3012 3013
2393 2117
3491 3492
2601 3175
3142 2066
2382 2064
2571 2064
2675 2064
2246 2463
2349 2654
3334 2881
3364 2058
2235 2117
2209 2210
3265 2064
2902 3989
3039 2201
3879 2064
3984 2117
3486 2066
2513 2117
2730 4006
3942 2084
3091 2066
3575 2102
2075 2117
3566 3121
3623 2305
3568 3996
2518 2085
3117 2117
3052 3053
3739 2077
2727 2070
2840 2077
3193 2077
2745 3507
3542 2064
3283 3156
2995 2098
2689 2066
2685 3682
2598 2117
2992 2077
2324 2325
3751 2257
3990 2117
3000 3001
3713 2066
3870 2077
2147 2061
4001 3563
2567 3987
3587 3125
3587 2098
2749 3583
2417 2418
3482 3818
2525 2088
3040 2077
2772 2102
3863 2084
2382 2951
2657 2516
3557 2607
2710 2503
3017 3382
3963 2431
2729 3818
2229 2612
3583 2266
2080 2081
2764 2058
2645 2666
2274 3711
2571 2600
2954 2677
3186 2084
3960 3518
3574 3161
2557 2558
3079 2077
3504 2098
3713 2256
3837 3156
3112 2064
2676 3972
2651 2084
2527 3956
2957 2058
3012 2077
3271 3676
3781 2463
2167 2064
3867 2084
3095 2077
2753 2834
2776 2064
2863 3672
3034 2608
2495 2098
3628 2061
3921 3451
3210 3113
2980 3441
2361 2098
3233 2354
3612 2066
2441 2064
2874 2066
2628 2117
3011 2102
2399 2463
2128 2117
2603 2064
2482 2762
3037 3979
3288 2064
2270 2066
2863 4011
2072 2117
2073 3063
2348 2809
3103 3104
2927 3674
3707 2102
2430 2117
2383 2818
3177 2098
2576 2066
3267 3268
2756 2757
3188 2061
3290 2636
3225 3221
2376 2095
2718 2630
3042 2971
2836 2449
2108 2098
3135 2638
3321 2066
3799 2150
3219 3896
3538 2102
3624 2102
2656 2657
3698 2626
2826 2061
2794 2098
3598 2066
2340 2061
2561 2077
2857 2064
3504 2066
3248 2131
2901 4015
3229 2061
3283 2064
3022 3799
2781 2968
2260 2098
2591 2066
2124 2064
2866 2066
2299 2102
3654 2077
3388 2077
2893 3562
2879 2098
2521 2111
3067 2102
2906 2077
3454 2064
3607 2066
3396 3985
2339 2463
2572 2077
2375 2946
2991 2066
2114 3056
3248 2790
3854 2603
2405 2064
3910 2084
2715 2064
2729 2061
2249 3208
3008 3333
3631 2486
3640 2342
3169 2066
2545 2925
3255 3962
2864 2064
2926 2064
3259 2371
2694 2084
4015 3890
2836 2117
2874 3992
3342 2112
3416 2537
3347 2117
3240 2098
3789 2084
3752 2077
3270 2064
2065 2066
2458 2077
3003 2965
3507 2927
3550 2837
4013 2117
3646 2061
3629 3344
2840 2235
3049 2058
2965 2117
2840 2827
2774 2638
2565 2095
3284 3848
3973 2758
3294 2102
3988 2117
2272 3282
3781 3998
3392 2058
2637 2476
2849 2086
2533 2147
3755 2798
2169 2337
3820 2098
3785 2922
3224 2095
2493 2363
2298 2196
3319 2463
3607 3227
3754 2205
2418 3167
3729 2575
3381 2061
3817 3747
2184 2404
2126 2133
3228 2423
2574 2575
2705 2474
2381 3398
3955 2373
2679 2061
2241 2064
3445 2077
2797 2061
2104 3772
2953 2117
2481 2077
2446 2066
2468 2312
3456 2058
2220 2089
2155 2066
2306 2307
3341 3342
2703 2704
3731 2931
2569 2077
3526 2102
3958 2337
2620 3978
2781 2077
3250 2075
3800 3390
2132 2102
3579 2463
2971 3372
3474 2608
2885 2066
3855 3367
3582 3050
2292 3613
3445 3337
3976 3509
2629 2098
3141 2077
3466 2210
2192 2089
2908 3596
2629 2073
2342 2117
2344 2117
2456 2098
2697 2061
2348 2077
2333 3959
2273 3138
2218 2066
2149 2098
3313 3314
2547 2077
2481 2497
3766 2058
3540 2098
2254 2154
2107 2768
2219 2138
3221 3375
2881 2829
3282 2064
3326 3057
3668 2077
2318 2319
3116 3981
2285 3363
2551 3980
3878 2084
3637 2560
3321 3948
2529 3997
3197 2077
2742 3995
2429 2095
2389 2066
3192 3051
2774 2077
3315 3257
3902 2863
2319 2305
3896 2058
3429 2207
3557 2077
3343 2505
2353 3233
2134 2135
2262 2117
2991 2228
3182 2066
2608 2444
2687 2610
2847 2262
3893 3541
3822 2077
3126 3239
2879 2344
2566 2098
2967 2953
2787 2364
2920 2066
2157 2084
2450 2789
3636 2064
2621 2244
2229 2117
3685 2202
2546 2463
3086 2210
3568 2064
2512 2117
3275 2061
3360 3272
2603 2501
2139 2102
2647 2066
3697 2098
3682 2686
2806 2807
3517 2447
3248 2061
3041 3272
3931 2077
3273 2058
3491 2098
2242 3896
3783 2210
3565 2254
2176 2117
2653 3252
3181 2818
3658 3144
2215 2064
2994 2077
3517 2064
2606 2210
2557 2077
2769 2077
3761 2064
3757 2102
2418 2064
2137 2478
3182 3025
3609 2066
2183 3597
2860 2397
2297 2298
2283 2284
2537 2064
2945 2156
3170 2064
2889 2210
3260 2271
3513 2179
2362 2904
2185 3961
2970 3946
2200 2077
2440 2684
2079 2061
3107 3108
3817 2066
2484 2117
3628 2993
2452 2066
3084 2210
3022 2066
3132 2077
3069 3992
3397 2064
2569 3383
3970 3148
3452 2161
2549 2061
3989 2652
3421 2098
3812 2604
3269 2077
2467 3961
2199 2693
2893 2102
3829 2064
3094 2066
3268 2497
2136 2117
2191 2192
2551 2454
2670 2077
2538 2084
2060 2061
3949 2700
2823 2089
2360 2299
2637 2210
2384 2061
2109 2090
2177 3634
3972 2117
3983 2713
3225 4016
2986 2069
2322 2061
2192 3082
3649 2058
3065 3693
2797 3805
3988 3323
2385 2098
3655 3963
