551	2587
594	2256
759	3539
791	2878
244	2798
132	2354
309	3263
798	2910
40	3083
383	2516
1211	2708
479	2199
261	2136
1442	2532
2	2369
663	2273
352	2363
238	2444
587	2163
684	2397
213	2174
1121	2503
1100	3062
53	2628
702	2990
27	2164
19	2925
536	2344
1742	2307
688	2520
86	2244
374	2138
1224	2059
923	2176
386	3550
287	2090
184	2228
961	2072
116	2375
947	3175
654	2836
389	2575
725	2166
1460	2266
170	3339
676	2728
218	2154
811	3371
488	2673
21	2181
13	2447
30	3395
525	2381
1098	2442
467	2179
148	3324
950	2951
385	2598
159	2512
59	2818
953	2792
107	2455
76	2342
369	2259
348	2630
459	2296
637	2145
494	3239
1318	2169
253	2959
47	2415
10	2965
188	2800
790	3024
453	2871
307	2770
468	2395
477	3117
129	3147
547	2205
963	2305
588	2513
141	2993
288	2372
1174	2156
1080	2402
463	2484
1219	2750
1144	2684
542	2964
279	3103
277	2509
578	3000
1253	2677
291	2752
324	3503
241	3122
1002	2112
34	2686
766	2971
931	2208
93	2783
68	2238
959	2436
607	2768
1376	2144
272	2282
1024	3184
565	2922
698	2085
584	3281
652	2787
152	2753
777	2550
437	2727
956	2423
139	2115
91	2586
80	3156
239	2430
499	2262
668	2201
503	2298
630	2934
220	2583
106	3113
17	2286
57	2501
282	2744
608	2790
531	2271
61	2497
417	3588
564	2596
516	2119
746	2332
900	2128
541	2581
882	3848
196	2074
313	2240
1016	2075
580	2636
538	2953
977	3201
24	2605
137	2229
179	2610
806	3198
270	2358
643	2069
1059	2086
327	3347
1076	2235
155	2997
356	2341
225	2309
228	3013
341	2225
819	2638
428	2189
186	2393
507	2198
411	3252
325	2152
368	2600
988	2725
