272	2282
591	3072
1024	3184
819	2638
61	2497
307	2770
244	2798
1157	2640
236	3143
309	3263
702	2990
57	2501
1080	2402
800	3096
444	2268
594	2256
725	2166
520	2573
923	2176
684	2397
334	2253
602	2491
503	2298
179	2610
352	2363
688	2520
93	2783
608	2790
1219	2750
10	2965
261	2136
1174	2156
564	2596
17	2286
921	2303
463	2484
239	2430
25	2801
218	2154
1059	2086
24	2605
241	3122
1144	2684
225	2309
538	2953
389	2575
698	2085
1076	2235
194	2366
988	2725
147	3204
578	3000
316	2830
186	2393
414	2092
663	2273
468	2395
1231	3573
1353	2552
1232	3153
287	2090
668	2201
746	2332
813	2062
580	2636
963	2305
76	2342
348	2630
386	3550
637	2145
313	2240
872	2148
165	3408
947	3175
1207	2258
1742	2307
324	3503
565	2922
766	2971
159	2512
382	2559
643	2069
654	2836
122	2535
1098	2442
956	2423
587	2163
438	2562
998	2635
331	2977
437	2727
399	2194
511	2151
1460	2266
155	2997
30	3395
547	2205
148	3324
80	3156
117	2203
584	3281
494	3239
1136	3688
449	2379
1002	2112
428	2189
984	3600
248	2141
47	2415
536	2344
32	2211
542	2964
40	3083
2	2369
116	2375
551	2587
471	2421
188	2800
630	2934
107	2455
1121	2503
569	2556
417	3588
137	2229
86	2244
953	2792
791	2878
811	3371
541	2581
119	2330
97	2515
779	2186
279	3103
507	2198
426	2275
900	2128
1253	2677
479	2199
499	2262
931	2208
288	2372
1100	3062
152	2753
129	3147
34	2686
228	3013
652	2787
950	2951
184	2228
979	2276
453	2871
595	2302
977	3201
220	2583
59	2818
959	2436
91	2586
50	3054
467	2179
277	2509
182	2403
341	2225
106	3113
446	2394
1376	2144
139	2115
103	3059
676	2728
516	2119
805	3038
132	2354
1328	2206
270	2358
19	2925
286	3071
588	2513
806	3198
607	2768
196	2074
509	3328
1224	2059
1016	2075
325	2152
1211	2708
488	2673
385	2598
374	2138
553	3105
776	2122
522	3470
1442	2532
1132	2793
459	2296
999	2313
13	2447
253	2959
966	2650
371	2813
327	3347
170	3339
777	2550
141	2993
303	2445
217	3033
238	2444
961	2072
623	2419
213	2174
618	2944
1119	2577
700	2396
293	2116
759	3539
531	2271
354	2317
411	3252
764	2506
369	2259
101	2130
27	2164
368	2600
383	2516
798	2910
4	2195
21	2181
790	3024
882	3848
525	2381
477	3117
68	2238
1088	2983
291	2752
282	2744
1318	2169
376	3068
53	2628
356	2341
716	2737
