446	2394
382	2559
921	2303
1157	2640
1328	2206
32	2211
399	2194
122	2535
293	2116
764	2506
331	2977
236	3143
800	3096
1232	3153
623	2419
779	2186
520	2573
103	3059
165	3408
618	2944
426	2275
999	2313
101	2130
813	2062
414	2092
248	2141
147	3204
966	2650
286	3071
371	2813
522	3470
376	3068
1119	2577
805	3038
1353	2552
194	2366
998	2635
602	2491
1231	3573
217	3033
182	2403
1088	2983
553	3105
1132	2793
119	2330
25	2801
50	3054
4	2195
591	3072
316	2830
979	2276
97	2515
595	2302
449	2379
117	2203
471	2421
438	2562
303	2445
1207	2258
354	2317
700	2396
569	2556
716	2737
334	2253
776	2122
872	2148
984	3600
444	2268
511	2151
509	3328
1136	3688
