2339	30	3263
2990	33	3642
2654	29	2395
3304	25	2316
3870	24	2103
3287	28	3281
3024	19	2117
2208	19	2117
3430	27	3187
2487	19	2098
3110	19	2111
3940	19	2084
3028	28	2997
2315	19	2084
3117	21	2337
2454	19	2061
2120	19	2077
2829	30	2830
3115	27	3069
2153	28	2154
2570	19	2089
2723	19	2061
2290	28	2156
2987	27	2263
2407	28	2783
3348	19	2098
3470	21	2182
3677	20	2066
3880	23	2123
3184	19	2117
2361	22	3096
3662	19	2111
3285	19	2089
2858	23	3474
2522	24	2523
2568	19	2077
2791	19	2463
2395	21	2887
2317	21	3834
2371	19	2058
2369	21	3242
3678	24	2949
3876	19	2061
2201	21	3001
2403	33	3432
3309	22	2206
3503	21	3242
2648	26	2372
2949	19	2064
3188	27	3288
2502	22	2062
3802	19	2058
3457	28	2403
3455	28	2259
3726	19	2064
3569	19	2061
3393	26	2317
3390	19	2061
2202	19	2463
2665	19	2058
3098	24	3699
2884	19	2095
2713	19	2111
3114	19	2058
3553	37	2639
2820	20	2066
3356	20	2066
3435	29	2358
3548	19	2077
3832	19	2095
3120	20	2066
3457	24	2776
3484	30	2194
3711	29	2275
3356	23	2511
3272	25	3731
2560	25	3332
3427	19	2061
3093	30	2354
2493	27	2904
2823	34	2472
3382	26	3600
3030	28	3031
3548	28	2717
3369	20	2066
2366	19	2117
2497	38	3300
2338	24	3756
2830	21	2720
3825	20	2066
3085	30	2497
2777	19	2061
2127	19	2077
3037	19	2077
3356	19	2098
2778	26	2253
2684	21	3804
2911	27	2287
3591	19	2084
3215	24	2624
3150	20	2066
2123	19	2061
3701	19	2098
3084	35	3085
3691	29	2836
3374	29	2379
3132	28	3103
2527	23	2528
3541	19	2058
2258	21	3490
2830	38	3224
3697	20	2066
3422	19	2077
3529	19	2084
2548	30	2344
3429	26	2208
3358	26	2141
3048	30	3059
3123	19	2077
2628	33	3708
2813	21	3883
2437	19	2098
2544	31	2570
2898	27	2776
2909	19	2058
3208	19	2064
2579	19	2098
3078	19	2111
2495	23	2868
2659	23	3808
2531	19	2077
2498	35	2499
2609	19	2061
2378	19	2098
2690	34	2935
2825	27	3255
3824	19	2084
2867	28	3772
2714	23	3554
3819	19	2084
2591	19	2098
2124	25	3796
2386	26	3013
2251	24	3443
2981	19	2061
2872	19	2084
3054	21	2364
2469	29	2130
2406	34	3781
2369	19	2117
3601	19	2064
2245	19	2210
3761	29	2268
3691	19	2064
2656	19	2098
2455	21	2070
3668	28	2282
3784	19	2077
3777	34	3579
2078	19	2098
2385	20	2066
2392	26	2393
2437	23	2721
3793	28	2959
2889	35	2890
2219	19	2077
3355	19	2084
2207	29	2208
2805	24	3761
2113	20	2066
2947	19	2089
3927	20	2066
3730	24	2963
3464	22	2421
2626	29	2677
3376	35	3771
3056	29	2801
3185	23	3616
3407	19	2210
2462	19	2463
3337	29	2686
2533	20	2066
2220	24	3543
2243	23	2621
2093	19	2084
3773	19	2111
2576	23	3569
3528	19	2077
2600	32	2767
3421	20	2066
2227	26	2228
2762	19	2089
2704	19	2061
2529	20	2066
3387	35	3634
3005	19	2064
3130	22	2513
3614	20	2066
2688	23	2928
3683	19	2102
2556	33	3361
2878	19	2117
3646	26	3339
3776	29	2174
2374	23	3666
3281	21	3106
2642	23	2643
3771	19	2463
3785	19	2077
2588	27	3879
2934	21	2916
3158	19	2064
2944	19	2117
2653	19	2098
2165	23	3225
2658	24	2856
3564	30	2141
3026	29	2266
3699	29	2169
2439	24	2555
2842	29	2305
3592	28	3710
3694	19	2077
2750	19	2117
3704	19	2061
3063	19	2064
2685	20	2066
2553	20	2066
2711	22	2744
3509	19	2111
2334	26	2830
3236	19	2064
3758	19	2098
3221	19	2064
2868	27	3711
3904	19	2084
2605	32	3838
2290	24	2291
3412	22	2583
3674	30	3539
2388	19	2061
3734	28	3156
3313	22	2708
3006	30	2575
3608	19	2077
3447	19	2111
3036	28	3573
2279	19	2058
3160	37	3684
2824	19	2077
3647	20	2066
2775	19	2111
3677	19	2098
2859	28	2307
3021	19	2061
3101	19	2098
2260	20	2066
2841	29	3324
2176	21	2373
3481	37	3541
3310	19	2210
2928	26	3033
2308	24	3207
2497	21	3589
2442	19	2117
2618	20	2066
2261	23	2966
2866	22	3550
3635	22	3068
2821	34	2822
3701	23	3547
3634	30	2179
3327	28	2934
3201	19	2117
3417	20	2066
2466	23	2724
2232	30	2787
3115	26	3054
3615	19	2098
3153	38	3469
2071	20	2066
2241	25	2242
3748	28	2520
2514	19	2077
3813	19	2111
2344	38	2702
2485	19	2102
3710	30	2152
2545	19	2098
2105	20	2066
2416	24	2537
3774	19	2077
3031	30	2964
3328	19	2117
2106	24	2107
3412	20	2066
2740	26	2225
2656	22	2516
3305	26	2583
3856	19	2095
2744	19	2117
2189	19	2117
2958	19	2098
3376	19	2210
2069	19	2117
2422	28	2423
2995	22	3103
2164	19	2117
3164	20	2066
2475	34	2476
2503	21	2070
3093	19	2463
3350	22	2997
2728	19	2117
2291	19	2064
2956	19	2064
3196	23	3146
2484	21	2720
3902	28	2148
3141	28	3252
3201	21	2431
3918	19	2084
2377	27	2624
2261	20	2066
2575	33	3110
3680	19	2089
3506	27	3507
2616	28	3339
2522	19	2077
3247	28	2944
2917	26	3153
3280	19	2061
3775	27	3776
3280	27	3790
3239	21	2700
2108	22	2090
2197	20	2066
3419	26	2635
2099	23	3209
2396	21	3106
2446	19	2098
2633	20	2066
2503	32	2758
3035	19	2089
2493	19	2061
3146	19	2061
2967	27	2968
3552	27	3394
3643	19	2098
2621	19	2061
2691	35	2935
2535	19	2117
2556	32	2652
2461	26	2910
2504	27	2505
3091	22	2074
2672	29	2673
2531	28	2673
3481	19	2102
3632	28	2152
3647	23	3359
2450	24	2451
3488	20	2066
3240	22	2830
2387	23	2388
3438	28	2203
2432	19	2098
3195	19	2077
3113	19	2117
3806	19	2210
3615	22	3263
3334	19	2064
2759	26	2728
2745	28	3539
3366	28	2503
3207	31	3558
3142	19	2098
2830	19	2117
2530	24	2589
3515	19	2111
3796	37	2380
2515	21	2887
2225	21	2226
2978	19	2077
2243	20	2066
3213	31	3685
2766	27	2414
3329	24	3081
3688	19	2117
2800	19	2117
3717	28	2205
3598	22	2128
3390	27	2435
3888	19	2084
2236	29	2258
2583	21	3567
2939	22	3072
2529	23	3188
2204	22	2205
3666	27	3726
2649	19	2077
2159	24	3016
3684	30	2122
2381	19	2117
2396	19	2117
2747	23	2729
2235	21	2337
3775	19	2061
2583	32	2758
2151	19	2117
3670	19	2098
3139	24	2191
3688	21	2336
3279	27	2580
3217	19	2061
3159	25	3134
2154	32	3163
2562	21	2876
3476	26	2259
2387	20	2066
3721	19	2095
3660	19	2064
2475	24	2637
3700	19	2077
2329	24	3293
3054	19	2117
2449	19	2111
3467	24	3374
2589	29	3201
3922	19	2084
3306	23	3704
3064	28	2176
3022	19	2098
3665	19	2077
3127	22	2635
2581	21	3106
2906	24	2414
2188	22	2189
2727	33	3732
2841	19	2064
3373	19	2084
3033	21	2887
3213	29	2199
3821	19	2077
2989	27	3112
2661	24	3597
3244	28	2746
3333	19	2058
2408	19	2064
3690	19	2210
3756	35	2339
2169	19	2117
3640	19	2061
3120	22	2596
2619	19	2077
3051	29	2119
3594	22	2354
2892	19	2064
2523	29	2344
3229	27	3439
3435	19	2064
3866	28	2342
3596	26	2394
3063	25	3231
2629	20	2066
3264	19	2077
2496	19	2098
3158	29	2965
3161	19	2061
3067	37	3437
2960	22	2116
2913	20	2066
2158	30	2971
2062	33	2521
3045	31	3777
3203	22	3204
3350	19	2098
3361	19	2111
2319	19	2463
3528	24	2864
3214	19	2098
3404	19	2064
3060	19	2095
3719	29	2562
3217	26	2922
3502	29	2971
3498	37	2735
3210	25	3211
3771	30	3688
3602	34	2627
2211	21	3831
3847	28	2601
2914	23	2602
3574	22	3071
3235	19	2077
3553	19	2102
2469	19	2064
2984	23	2679
2197	23	3430
2090	21	2087
2814	27	2815
3794	19	2084
2361	23	2494
3174	25	2844
3050	19	2064
3425	19	2084
2773	35	3152
2370	22	3339
2575	19	2117
2456	22	2085
2221	19	2061
2453	20	2066
2963	29	2964
3306	22	2598
3551	19	2058
2166	19	2117
3874	19	2084
3180	19	2064
2410	19	2064
3007	20	2066
3549	19	2095
2217	23	3055
3322	19	2077
2340	26	2341
3177	20	2066
3403	19	2061
3098	19	2077
3085	19	2463
3849	19	2077
3493	19	2084
3289	19	2058
2725	21	2726
2485	37	3114
2698	24	2699
2271	38	3832
2479	22	2800
3921	19	2077
3091	19	2098
3342	19	2058
2452	22	2728
2501	19	2117
3654	28	2305
2737	21	2700
2966	19	2061
3420	29	2484
2200	28	2201
3270	29	2141
2081	29	3000
3828	19	2061
3701	22	2075
3712	19	2084
2645	19	2089
3146	26	2556
2496	23	3523
3029	19	2061
2567	27	3222
2655	19	2077
2327	19	2077
2099	20	2066
2967	19	2061
3580	24	3676
2494	27	2410
2555	29	2330
2628	32	3839
3464	19	2098
3222	29	2983
3702	20	2066
2303	19	2117
3485	22	2208
3201	32	3581
2391	26	2638
3039	27	3681
3744	27	3424
2898	19	2061
2613	19	2061
3860	19	2064
3456	30	3201
3352	27	2607
3588	19	2117
2097	23	3391
3073	28	3074
3095	28	3018
2972	19	2098
3322	24	3112
2537	25	3245
3514	31	2177
3292	27	3769
2598	21	2226
2503	38	2565
2828	19	2064
2642	22	2944
2975	22	2430
2391	19	2061
3792	19	2084
3046	19	2111
2997	33	2294
2217	19	2098
3104	19	2111
3681	31	2465
3830	28	2136
3755	19	2098
3176	19	2102
2143	19	2064
2596	32	3838
2534	26	2535
2797	26	2520
3418	26	3408
3741	35	2162
2875	28	2436
2138	21	2226
3560	19	2077
2172	19	2064
3404	25	3885
2597	31	3080
3617	19	2084
2096	26	2176
2349	19	2077
3460	19	2061
2942	19	2064
2530	19	2077
3649	30	3033
2221	27	3374
3278	24	3601
2783	32	3839
3601	31	3602
3462	19	2095
2975	23	2976
2511	19	2061
2370	20	2066
3227	27	2949
2228	19	2117
2325	25	3067
3534	35	3659
3703	19	2111
3157	24	3158
2059	21	2364
3738	26	2509
3864	29	2744
2273	19	2117
2345	27	2654
2861	19	2077
2704	27	2297
3042	20	2066
2234	19	2077
2762	24	3084
2864	29	2244
3206	30	2532
2159	28	2513
2282	19	2117
2578	35	3468
3815	19	2077
3571	22	2181
2270	23	2806
3594	19	2098
3778	28	3200
3021	26	2783
2202	30	2199
3689	19	2098
3740	19	2077
3702	22	3539
2523	19	2064
2592	29	3024
2443	19	2058
3735	19	2077
2411	26	2381
3752	28	3848
2882	28	2509
3587	20	2066
2958	23	2797
3545	19	2210
3038	19	2117
2699	19	2210
3645	27	3753
3809	19	2064
2730	19	2077
2383	23	2384
3043	26	2752
3057	24	3461
2614	29	2303
2394	21	3106
2526	23	2941
3516	26	2447
3571	20	2066
3111	20	2066
3693	30	3588
2446	22	2447
2878	21	3530
2773	19	2210
3782	19	2084
2398	24	3466
3427	26	2059
2104	19	2102
3451	30	3204
2249	19	2061
3709	24	3636
2300	19	2098
2307	32	2834
2973	19	2102
2980	19	2102
3646	27	2617
2403	19	2117
2929	19	2077
3190	29	2307
2668	19	2064
2690	24	2691
2170	34	3368
2875	19	2077
3682	19	2061
3004	26	2965
3864	19	2064
3143	33	3312
2460	23	3039
2207	31	2475
2396	33	2082
3786	19	2077
3492	19	2061
2688	19	2098
2894	19	2077
3593	20	2066
2327	24	3210
3625	29	2372
2848	29	2792
3745	19	2061
3903	19	2077
2351	37	2158
3066	20	2066
3907	19	2084
2528	19	2061
3209	26	2484
2831	27	2236
2396	32	2517
2835	29	2074
2966	26	2262
2885	19	2098
3816	30	3105
2714	22	2559
3754	19	2064
2634	19	2077
2215	29	3105
2831	26	2258
3823	28	2581
2560	19	2064
3571	19	2098
3079	24	2592
2365	24	3266
3674	19	2463
3377	28	2072
3814	28	2303
2620	19	2064
3291	24	3181
2465	34	2890
2982	19	2077
3013	21	3834
3690	35	3674
3585	29	2342
3552	26	3395
2461	19	2061
3396	24	3397
2316	19	2102
2264	23	2377
3384	27	2469
2576	22	2577
2444	19	2117
2333	23	2917
3045	25	2886
2881	19	2102
2759	27	2133
2390	22	2638
3450	30	3024
2432	23	2433
3277	30	2151
3512	19	2084
3717	24	3754
3578	26	2750
3088	19	2084
2188	23	3168
2679	26	2115
2367	22	2684
2862	35	2822
2971	19	2117
2300	20	2066
2400	19	2077
2990	21	2070
2982	24	3170
2100	19	2077
2222	20	2066
2472	19	2463
3145	23	2817
2506	19	2117
3339	19	2117
2602	19	2061
2483	30	2484
2681	19	2098
2478	19	2061
3639	23	3640
3818	29	2787
3331	26	3588
3765	19	2084
2206	19	2117
3757	37	3317
3702	19	2098
3656	20	2066
3500	30	2550
2500	28	2445
2238	21	2182
2330	21	2837
2915	19	2463
2616	19	2077
2743	19	2058
2389	23	2289
3733	19	2077
2068	23	2996
3277	19	2058
3833	19	2084
2681	23	2682
2471	37	3649
3191	26	3038
3728	37	3693
3152	19	2463
3487	26	2997
2341	19	2117
3111	23	3189
3736	28	2381
2488	20	2066
2456	20	2066
3202	19	2102
2094	19	2095
3246	24	2709
3020	28	3588
3787	37	2952
3169	19	2098
2968	19	2064
2427	22	3024
3802	30	2086
2129	29	2752
2195	21	3106
2718	19	2077
2923	28	3072
2309	33	2660
2607	29	2164
2752	21	2182
2762	34	3085
3476	27	3179
2563	19	2061
3628	27	3045
3332	19	2102
2108	23	2109
2701	19	2077
2078	20	2066
2610	19	2117
3496	30	2983
3814	24	2614
2513	32	2834
3180	25	3728
2495	22	2275
2611	19	2061
2869	19	2077
3363	29	2286
2247	19	2077
3226	19	2111
3774	24	2310
2605	21	2087
2261	19	2098
3647	19	2098
3181	19	2064
2453	22	2086
2895	28	3273
2563	27	2564
3154	26	2116
3695	22	2152
2131	29	2790
2815	19	2064
3808	19	2061
2479	23	2480
3199	30	2790
3419	19	2061
2784	36	2785
2181	19	2117
2324	28	3239
2281	19	2077
2151	21	3589
2211	19	2117
3200	30	2181
2611	27	3631
2409	24	2410
3461	19	2210
2239	35	2306
3666	26	2375
2447	21	3850
3169	22	2225
2769	24	3257
3541	30	2965
3213	19	2064
2113	23	2417
3478	31	2170
3126	19	2098
2559	19	2117
2332	19	2117
3682	27	3337
3729	31	3329
3013	19	2117
3282	29	2128
2510	29	3068
2803	19	2064
2352	28	2470
3861	19	2077
2191	29	2753
3175	21	2700
2419	19	2117
2143	31	2947
2281	28	2836
3011	37	3049
2427	19	2098
3310	35	3254
2788	19	2084
2293	29	2910
3208	29	2062
2289	26	2296
3513	27	3514
3066	19	2098
2455	19	2117
2749	22	2266
2314	20	2066
3815	24	2293
2712	19	2210
3511	27	3326
2499	19	2463
3603	19	2095
3624	37	3442
2721	26	2455
3776	19	2064
3142	23	3416
2106	19	2077
2945	27	2291
3460	26	2086
2934	19	2117
2069	21	2070
3239	19	2117
2858	20	2066
3349	19	2111
2983	19	2117
3872	20	2066
2224	19	2061
2281	24	3691
3760	22	2436
2448	19	2111
2377	19	2061
2845	19	2077
2991	23	2227
3236	29	2556
2680	24	3346
2088	24	3534
3283	25	3559
3166	28	2151
3071	21	3869
2155	19	2098
2542	26	2369
3714	26	3072
3479	19	2111
2345	26	2395
3454	29	2072
2955	24	2956
2350	23	2898
2822	30	2636
2537	29	3122
2676	19	2061
3478	25	2323
3401	19	2077
3274	22	2587
2067	19	2098
3145	22	2934
2158	19	2058
3915	19	2077
2964	21	2700
2320	22	3324
2568	28	3576
2271	19	2117
3156	19	2117
3222	19	2064
2150	19	2064
3630	19	2098
2267	19	2077
3722	19	2084
2498	19	2210
2870	19	2058
3288	29	2515
3912	19	2084
2351	19	2102
3128	24	3537
3193	24	3265
2193	25	3202
2708	21	3589
2596	21	3589
2153	24	2254
2617	29	3339
2786	27	3864
3210	19	2064
3315	19	2061
2494	19	2061
2747	20	2066
3588	32	2834
2883	19	2077
2829	19	2058
2577	21	2337
3501	28	2971
2462	30	3324
2821	24	2862
2402	21	2373
2600	21	3106
3780	36	3923
2954	20	2066
3746	19	2102
3698	19	2061
3784	28	2258
3139	19	2077
2292	20	2066
2607	19	2064
2903	19	2061
3261	19	2061
2743	30	2090
3489	26	2145
3405	27	2510
3408	21	3138
3452	19	2061
2308	19	2077
2744	32	3148
2513	21	3858
3124	19	2058
2801	19	2117
2583	19	2117
2230	19	2111
2960	23	3154
2152	21	2887
3643	23	3403
2944	33	2999
3318	19	2089
3180	29	3588
2217	22	2801
2175	19	2098
2365	19	2077
3404	29	2211
3215	19	2077
3852	19	2084
2665	30	2244
2437	22	2455
3623	19	2061
2859	19	2077
2859	24	3190
2118	19	2111
3663	28	3097
2074	19	2117
2549	27	2525
2219	24	3860
2871	21	2876
2205	21	2916
3645	26	3848
2091	22	2092
2868	26	2275
2242	19	2102
2438	23	2826
3171	30	2993
3531	29	3071
3183	27	3108
3434	19	2077
2321	27	2841
3314	27	2707
2880	19	2064
2671	30	2516
3147	32	3148
3871	28	3437
3053	30	2275
2613	27	2614
2639	19	2058
3175	19	2117
3920	28	3909
3681	25	2732
3136	27	2555
2363	33	3762
3440	28	2211
3125	26	2136
3459	19	2061
2313	19	2117
2304	28	3289
2345	19	2061
2170	24	2171
3648	19	2084
3391	27	2191
2256	19	2117
3154	27	2143
2606	35	3093
2721	19	2061
3074	19	2058
3821	28	2506
3561	20	2066
3877	19	2084
2490	19	2098
3652	19	2077
3880	22	2163
2749	19	2098
2873	28	3347
3613	27	3691
2153	19	2077
2233	37	2746
3642	19	2111
2554	19	2098
3246	28	3117
2633	19	2098
2541	19	2098
2307	19	2117
2143	29	2116
2080	28	3000
2399	30	2783
3725	19	2077
2321	26	3324
3786	28	3494
2594	19	2077
3065	19	2077
2925	19	2117
3745	27	2081
2972	23	3745
2135	19	2058
2802	27	2803
2539	22	3503
2920	19	2098
3267	19	2077
3309	19	2098
2296	19	2117
3631	19	2064
2416	19	2077
2573	19	2117
3114	30	3072
3432	19	2111
2558	30	2186
2895	19	2077
2119	21	3353
3196	20	2066
2660	19	2111
3715	34	3254
3272	31	2338
3677	23	2911
2776	29	2403
3150	23	3021
2688	22	3033
3130	20	2066
2896	24	2418
2224	27	2662
2397	21	2700
2414	29	2415
2266	19	2117
3222	25	3109
2597	19	2064
2990	19	2117
3608	28	2199
2515	32	3838
3767	19	2210
2491	21	2070
3505	26	2562
3760	23	2224
3237	19	2084
3730	28	2964
2912	27	3601
3644	20	2066
3532	19	2077
3615	20	2066
3021	27	2408
2605	19	2117
3249	19	2084
3599	28	2829
3029	27	2489
2455	32	2669
2777	26	2513
3625	19	2064
2214	19	2077
3476	19	2061
2849	19	2077
3667	19	2061
3395	21	2431
3439	19	2064
3759	29	2871
2165	22	3688
2931	30	3263
2813	33	2705
3169	23	2740
2174	19	2117
3174	29	3175
3410	24	3174
2482	29	2497
2257	19	2058
3398	19	2111
3578	27	2401
2554	23	2285
3764	28	2491
2996	26	3201
2139	37	3451
2851	19	2102
2424	25	2425
2129	19	2064
2850	25	2851
2296	21	3589
2910	19	2117
3497	19	2098
2943	19	2077
3051	19	2064
2301	20	2066
2223	27	3162
2918	24	3236
3092	27	2835
2203	19	2117
3889	28	3053
2072	21	2182
3616	19	2061
2137	20	2066
2919	19	2077
3521	27	3207
2794	23	2795
3126	20	2066
2766	19	2061
3357	23	3029
2162	19	2463
3261	26	2235
3421	23	3452
2582	36	3865
2699	35	2462
3841	30	2148
3585	19	2064
2404	34	2671
2381	21	3106
3851	19	2084
3872	19	2098
2763	37	2764
3764	19	2077
3234	19	2084
2206	21	2070
3696	19	2077
2378	23	2221
3389	19	2058
3274	23	3275
3268	19	2058
3629	28	2800
3706	20	2066
3693	19	2058
2160	24	2161
2216	23	3427
3671	28	2062
2365	28	2317
3823	19	2077
3539	19	2117
3135	19	2058
3365	19	2077
2639	30	2640
2505	29	2640
3212	19	2084
2822	19	2463
3826	28	2158
2195	32	2196
3464	20	2066
3379	28	2871
2099	19	2098
3161	27	3531
2402	19	2117
3458	19	2111
3190	19	2064
2564	19	2064
2334	27	3334
2655	24	2841
3408	19	2117
2475	19	2089
2855	19	2095
2545	20	2066
2255	19	2077
2707	29	2708
3007	23	2778
3644	23	2392
2390	23	2391
3162	19	2064
2667	26	2366
2125	37	3816
3218	19	2077
3187	19	2064
2664	28	2665
3223	19	2058
2076	28	2993
3417	19	2098
3266	29	2317
3817	19	2098
3695	20	2066
2754	19	2098
3825	22	2990
2148	21	2182
2892	29	2296
3195	28	2116
2647	22	2372
2635	19	2117
2691	19	2210
3609	23	3578
2667	27	2839
2961	23	2464
3422	28	2174
2137	19	2098
3673	24	2318
2938	27	2212
2131	25	2132
2486	37	3097
2237	19	2102
3655	19	2064
2417	19	2061
3090	19	2077
3263	19	2117
2206	33	2741
2594	28	2194
3612	23	3336
3520	23	3521
3263	38	3378
3758	22	2953
3121	19	2064
3257	19	2064
2466	20	2066
3018	30	2203
2529	19	2098
3302	37	3031
3538	37	2135
3036	19	2077
2542	27	3032
2127	28	2447
3305	27	3809
2436	21	2337
3821	24	3304
2832	24	2880
2183	26	2402
3790	19	2064
2870	30	3113
2408	31	2398
3651	28	3059
3593	23	3876
3614	19	2098
3631	29	2925
2142	23	2563
2935	30	2727
2195	19	2117
3076	35	2202
2358	33	3780
2355	23	2356
3369	19	2098
2968	25	3787
2924	25	2485
3861	24	3296
2662	29	2436
2246	30	3083
2987	26	2069
2552	21	3411
3744	19	2061
3196	19	2098
3185	22	2768
2481	24	2482
2524	19	2077
2205	19	2117
3281	19	2117
2218	19	2098
2398	19	2089
2572	28	2573
3142	22	3122
2551	19	2098
3556	19	2077
3430	19	2061
3655	25	3047
3289	30	3156
2082	19	2111
2091	20	2066
3524	26	3083
2300	23	2588
2673	21	2373
3216	35	2671
2671	19	2463
3240	20	2066
3316	28	3317
2539	23	2540
2936	20	2066
3262	19	2095
3313	20	2066
2288	19	2098
2105	22	2506
2751	23	3043
3365	24	3687
3733	24	3335
2232	19	2463
2200	24	3681
2682	27	3213
2172	31	2173
3131	22	2535
2703	20	2066
3582	19	2061
3426	19	2084
2445	21	2700
2735	30	2302
2479	20	2066
2140	19	2061
3044	19	2061
2622	27	3687
3727	19	2098
2836	21	2431
3494	30	2596
3159	19	2064
3594	20	2066
2964	19	2117
2288	22	2673
3514	19	2064
2409	19	2077
3510	23	3628
3505	19	2061
3182	22	2650
2847	19	2058
2433	27	2715
2553	19	2098
2800	21	2865
3499	20	2066
3652	28	3333
3663	19	2077
2683	19	2077
2179	38	3330
2130	21	2182
3697	23	3552
2216	19	2098
2908	19	2098
3167	19	2102
3590	37	3791
3740	24	2860
2854	26	2072
3094	19	2098
3606	27	2283
3318	24	3480
2625	24	2626
2531	24	2672
3307	24	3308
2206	32	2974
3230	19	2061
3795	19	2084
3820	23	3855
3168	19	2061
3171	19	2058
2926	29	2512
3151	19	2089
3129	28	2069
2252	19	2077
2243	22	2244
2476	19	2463
3032	19	2064
2913	22	2154
2476	30	2208
2736	19	2061
2886	19	2102
3264	24	2426
3167	37	2371
2584	19	2064
2320	23	2321
2809	19	2058
3150	19	2098
2930	28	2931
3739	28	2535
3384	26	2130
2989	26	2206
2307	21	2612
3331	19	2061
2739	29	2090
2747	22	2787
2188	20	2066
2581	19	2117
2500	19	2077
2688	20	2066
2405	31	2406
2524	28	2550
3007	19	2098
3333	30	2532
2869	28	2870
2277	19	2061
2579	22	2910
2586	19	2117
3443	29	2442
2519	22	3105
2675	25	2846
2515	19	2117
2778	27	2631
3157	28	2965
2918	28	2556
3293	29	2587
2179	21	3242
2130	19	2117
2057	19	2058
3872	22	2445
3710	19	2058
2601	19	2058
2511	26	2512
2703	19	2098
2587	38	2094
3149	24	2892
2097	20	2066
2871	19	2117
2708	19	2117
3556	24	2469
2428	28	2639
2490	23	2345
3382	27	3383
2366	21	2337
3136	19	2061
3424	29	2229
2518	19	2463
3928	19	2084
3199	19	2058
2508	23	3738
2124	29	2163
2147	26	2148
2236	25	3751
2142	20	2066
2214	24	2215
3629	19	2077
2418	29	3371
3207	29	2309
2285	19	2061
2458	24	2184
3223	30	2535
3736	19	2077
2527	20	2066
3357	19	2098
3903	28	2279
2340	27	2668
3042	19	2098
3848	33	3458
2120	28	2948
3748	19	2077
2404	24	3216
2904	29	2363
2509	32	3163
3576	19	2058
2123	27	2124
2952	19	2058
2406	24	3806
2440	19	2061
3892	26	2792
3319	30	2174
3605	19	2084
2532	19	2117
2486	19	2102
2516	32	2517
3742	19	2095
3492	27	2360
2749	20	2066
3848	32	2932
3097	19	2058
2710	19	2463
2684	32	3581
3147	21	3589
3002	19	2095
3396	19	2077
2742	24	3334
3362	19	2077
2685	19	2098
2425	19	2102
3431	28	2128
2885	23	3331
2390	20	2066
3558	34	2915
3348	23	3217
3240	23	2334
3574	20	2066
3727	22	3147
3362	24	2815
2125	19	2102
2069	32	3148
2943	24	2970
3066	22	2317
2358	19	2117
2357	26	2358
3023	19	2089
2593	37	3450
2354	38	3603
3194	19	2077
2928	27	3397
3384	19	2061
2896	19	2077
2866	23	2843
3593	22	3328
2457	26	2085
2772	37	3551
3855	26	2503
3689	20	2066
2644	22	3083
2426	19	2064
2703	22	2298
3626	19	2111
2961	19	2098
2723	26	2205
3436	22	2229
2566	23	2567
2596	19	2117
2260	22	2581
2096	19	2061
2290	19	2077
2753	19	2117
2379	32	3581
2121	27	3265
2899	19	2111
2631	19	2064
2294	19	2111
2863	19	2064
2291	31	3035
3725	28	2266
3230	26	2951
3302	19	2102
2674	28	2262
3311	19	2111
2717	19	2058
3520	19	2098
2341	21	2337
3632	24	2212
2678	19	2102
2820	22	2138
2466	22	2276
3905	19	2077
3680	24	2239
2765	20	2066
2790	21	3929
2908	20	2066
2264	20	2066
2930	19	2077
2736	26	2737
3475	19	2077
2689	19	2098
3030	19	2077
3544	19	2463
3309	20	2066
2426	29	2115
2564	29	3470
3508	19	2084
2458	28	2516
2380	30	2163
3744	26	2229
2860	19	2064
2527	19	2098
2971	21	3913
3455	19	2077
2332	21	3238
2059	19	2117
2741	19	2111
2108	20	2066
2505	25	3553
3053	19	2058
3807	29	2313
2783	21	2087
3418	27	2880
3080	19	2089
3696	28	2208
3540	20	2066
2623	19	2210
3559	19	2102
3410	28	3175
2542	19	2061
2661	28	2402
3800	22	2727
3854	28	2501
3151	34	3152
3805	29	2520
3514	29	2179
3828	27	2241
2646	19	2210
2272	26	2128
2212	19	2064
3091	23	3092
3256	34	3093
3434	24	3435
3346	19	2064
2739	25	2973
3466	35	2399
2231	19	2089
3763	19	2077
2156	21	2720
2761	24	2848
2452	19	2098
3228	19	2098
2393	21	2337
2115	33	3627
3772	30	2737
3164	19	2098
2745	19	2077
3081	35	3006
2240	19	2117
2759	19	2061
2272	19	2061
3020	24	3180
2377	26	2240
2368	24	3032
2103	19	2064
2649	24	2850
3428	29	2059
3122	21	2269
2305	19	2117
3329	34	3006
2897	19	2084
2638	38	3856
3880	20	2066
3220	28	3688
2695	19	2084
2358	38	3002
3666	19	2061
3357	22	2396
3434	28	2358
2455	33	2775
3660	29	2509
3676	29	2419
3672	34	3841
2116	19	2117
3927	23	3315
2216	20	2066
3810	19	2077
3233	19	2064
3885	19	2102
2346	19	2077
2164	21	2700
2793	21	2876
2071	19	2098
2109	19	2061
2193	29	2194
3668	24	2287
3576	30	2964
3735	24	3514
2167	25	2168
2836	38	3262
3427	27	3428
3562	30	2296
2817	27	2311
3908	19	2084
2374	20	2066
3630	20	2066
2593	19	2102
3087	30	3153
2608	19	2064
2724	27	3568
3639	22	2342
2256	21	2182
3274	20	2066
2464	26	2575
3112	29	2206
2100	24	2167
2792	19	2117
2317	19	2117
3055	27	3056
2985	24	3726
3654	24	2842
2508	22	2509
3219	19	2077
2783	33	3932
2420	26	2421
2841	31	2698
3347	21	2364
2771	29	2445
3521	26	2309
2911	26	2282
2415	21	3242
2170	19	2089
2585	19	2077
2172	29	2189
3857	19	2064
3035	34	2162
3255	19	2064
2810	19	2089
3489	27	3537
2638	21	3589
2673	33	2899
2091	23	2814
3375	19	2089
2363	32	2932
3670	23	3292
2444	38	3549
2582	19	2111
3004	19	2061
2543	28	2085
2390	19	2098
2480	19	2061
3556	28	2130
2739	19	2064
3173	19	2077
2724	19	2061
3482	28	2787
2253	19	2117
3259	19	2077
3547	19	2061
2374	22	2375
2826	27	2860
2251	19	2077
2644	20	2066
2574	24	3729
3105	33	2335
2331	20	2066
2680	28	2798
2494	26	3096
3486	23	3448
3359	19	2061
2291	25	2763
2490	20	2066
3033	19	2117
3827	19	2084
3292	19	2061
2984	20	2066
2750	21	2269
3220	19	2077
2404	19	2089
3809	29	2583
2263	29	2069
2525	29	2550
3446	29	2878
2255	24	2241
2184	29	2516
2457	27	2544
2507	37	3206
3232	24	2245
3504	22	2562
3338	36	2295
3459	26	2354
2573	21	2364
2803	29	2586
3803	19	2077
2383	20	2066
2178	23	3513
2130	33	3737
3510	20	2066
3099	19	2102
3501	24	3502
2149	23	3191
3716	28	3664
2222	19	2098
3743	19	2077
2638	19	2117
3111	22	2307
3747	19	2061
2185	20	2066
3102	28	2951
2603	25	2980
2434	28	2727
3017	20	2066
3119	19	2210
2454	26	2552
3024	38	2884
2917	27	3296
2950	22	2951
3207	19	2064
3715	24	3310
2085	21	2364
3656	23	3892
3034	28	2444
3119	35	2232
2252	24	2631
3893	19	2077
3739	24	2424
3247	24	2265
3388	28	3389
2986	23	2987
2220	34	3544
3273	30	2198
2263	19	2064
3121	29	3103
2379	21	3589
3406	24	3050
3130	19	2098
2322	27	3346
2488	22	2610
2960	19	2098
3477	28	2421
2931	19	2058
2488	19	2098
3565	26	2154
3352	26	2164
2142	19	2098
3197	24	2584
3673	19	2089
3719	19	2064
2579	23	2461
3145	20	2066
2954	19	2098
3260	19	2077
2516	21	2612
3774	28	3083
2411	19	2061
2599	19	2077
3044	26	2673
2144	19	2117
2313	32	2834
3584	28	2598
3763	28	3364
3275	27	3293
3415	24	2063
3077	27	3860
3845	19	2084
2394	19	2117
3555	19	2084
2107	19	2064
2286	19	2117
3400	19	2084
2298	21	3843
3391	19	2061
3246	19	2077
2250	19	2061
3315	26	2725
3120	19	2098
3584	19	2077
3321	19	2098
2487	23	2736
2198	21	2336
3058	19	2077
2693	36	2295
2301	19	2098
3895	24	2405
3317	19	2058
3454	25	3707
2360	19	2064
2732	37	2957
2313	33	3703
3015	19	2084
3806	35	3781
2238	19	2117
2199	38	3414
3767	35	2627
3808	26	2442
3927	22	2725
3890	19	2111
2796	28	2057
3182	19	2098
3130	23	2777
2689	23	3280
3337	19	2064
2733	22	3143
2752	19	2117
2845	28	2257
3623	27	2842
3895	19	2077
3022	22	2151
2959	19	2117
3232	19	2089
3607	19	2098
2806	26	2271
2419	21	2070
2223	19	2061
2907	22	2330
3779	28	3456
2619	28	2577
3174	19	2064
2925	21	2700
3371	19	2117
2065	19	2098
3616	26	2768
3715	19	2089
3510	19	2098
3042	23	3381
3422	24	3776
2781	28	2953
2856	35	2710
3714	27	2924
3244	19	2077
2650	19	2117
2922	21	3563
3080	34	2853
3444	19	2111
3367	29	2503
2395	19	2117
2540	27	3636
2711	23	2786
2438	19	2098
2587	19	2117
3892	19	2061
3209	27	3420
2740	27	2584
2975	19	2098
3669	19	2077
3457	19	2077
3177	22	2164
2947	34	3468
3879	25	3522
3586	19	2084
3235	28	3470
2212	25	2213
2204	23	2723
2636	21	2431
2280	27	2325
3229	26	2423
2397	19	2117
2604	26	2112
3031	19	2058
3336	19	2061
3260	24	2807
2293	19	2064
2585	28	2586
3849	28	3500
3788	19	2077
2480	26	2800
3418	19	2061
2616	24	2617
2765	19	2098
3252	19	2117
3345	19	2095
3604	24	2129
2488	23	2609
3296	19	2064
2560	29	2112
3050	29	2166
3727	20	2066
3235	24	2564
2937	22	2358
2605	33	2413
3460	27	3471
3639	20	2066
3499	22	3059
3784	24	2236
2570	34	2518
2933	19	2084
2357	19	2061
2165	19	2098
2615	19	2102
2794	22	2964
2243	19	2098
2256	38	2429
2751	22	2752
2547	28	2548
2199	19	2117
2877	19	2061
2343	19	2061
2361	20	2066
2580	19	2064
2500	24	2771
2171	19	2210
2388	26	3573
2194	19	2117
2199	21	3679
2264	22	2240
2966	27	2675
2780	28	3766
3269	28	2141
3489	19	2061
3189	19	2061
3743	24	3069
2119	19	2117
2807	29	2271
2756	19	2061
3664	30	2379
2113	19	2098
2251	28	2442
3062	21	3858
2438	20	2066
2677	19	2117
2661	19	2077
3185	20	2066
2827	29	2235
2440	27	2441
3196	22	2556
2600	33	3472
3075	23	2504
2121	19	2061
3253	28	2286
2451	35	2789
3507	29	3539
2624	19	2064
2155	22	2156
3012	24	3155
3048	19	2058
2658	34	2710
3502	19	2064
2544	19	2064
2255	28	2256
2264	19	2098
2977	19	2117
3152	30	2509
3607	22	2273
3343	28	2640
2068	19	2098
3613	19	2061
2755	19	2061
2392	19	2061
3157	19	2077
3815	28	2910
3785	24	2921
2185	23	2467
2312	27	3807
3686	19	2098
2680	19	2077
3751	19	2102
2733	23	2277
3057	19	2089
2792	21	2182
2227	27	2956
2194	21	2700
3100	27	3655
2250	26	3113
2280	26	3239
3914	19	2084
2234	28	3442
2178	22	2179
3247	19	2077
3606	26	2195
3364	30	2630
3526	37	3124
2734	19	2077
2943	28	2394
3097	30	2925
2937	19	2098
2642	20	2066
3371	33	2979
3428	19	2064
2495	20	2066
2907	20	2066
3098	28	2169
2441	31	3715
2492	23	2493
3522	37	3018
2647	23	2648
2503	19	2117
3306	19	2098
3938	19	2084
2613	26	2303
2310	29	3083
3069	19	2064
3293	19	2064
3796	19	2102
3297	19	2077
3681	19	2064
3653	24	2857
2520	21	2373
2422	19	2077
3118	19	2077
2697	26	2600
3702	23	3506
3164	22	2871
3554	27	3894
3895	28	2302
3269	24	3270
2334	19	2061
3520	20	2066
3580	19	2077
2080	19	2077
2941	19	2061
2650	21	2887
3344	19	2064
2127	24	3517
3032	29	2369
2146	19	2077
3380	28	2238
2804	19	2463
2853	19	2463
2722	19	2064
2502	23	2249
2987	19	2061
3045	19	2064
2073	19	2061
2545	23	2611
3313	19	2098
2875	24	2662
3708	19	2111
2533	19	2098
3885	37	3389
3497	20	2066
2359	28	2198
3638	19	2111
3891	19	2077
2808	19	2102
3697	22	3395
2646	35	2666
3211	37	2870
2392	27	2857
3643	22	2959
3488	23	2802
3103	21	3530
2510	19	2064
2309	32	2758
3675	19	2111
2816	19	2077
3777	19	2089
2231	34	2232
2492	22	2363
2213	37	3710
2927	24	3690
3049	30	2253
3009	19	2102
3768	19	2084
2827	25	2716
2204	20	2066
2541	20	2066
2483	19	2058
2701	24	3807
2995	23	3566
2097	22	2753
3701	20	2066
2268	33	3399
2798	19	2117
3314	19	2061
2818	21	3886
3401	28	2957
2836	32	2932
2644	19	2098
3657	19	2077
3276	24	2926
2936	22	2258
3440	24	3404
2704	26	2298
2655	28	3324
3028	19	2077
2195	33	2641
3416	19	2061
2825	26	2573
3290	20	2066
3010	28	2596
2250	27	3210
2400	24	2401
3593	19	2098
2682	26	2199
2874	23	3115
2976	19	2061
2478	26	3175
2067	22	2790
3630	22	3062
3007	22	2253
2543	24	2544
3520	22	2309
2883	28	2636
3506	26	3539
3448	26	2302
2355	20	2066
3569	26	2577
2586	33	2969
2850	19	2064
2086	19	2117
3837	19	2098
3094	22	2366
3040	28	2559
2591	23	3606
3201	33	3675
3816	19	2058
2848	19	2064
2961	22	2575
2993	21	2887
3090	24	2172
3709	19	2077
2742	19	2077
3566	26	3103
2692	37	2248
3704	26	2598
2833	19	2111
2360	29	2198
2204	19	2098
2928	19	2061
2437	20	2066
2602	26	2501
2912	26	2628
3866	19	2077
3227	26	2273
3695	19	2098
2666	30	3848
3023	34	2499
3003	20	2066
3465	27	3495
3769	29	2491
3245	19	2102
3329	19	2089
2972	20	2066
2553	23	2121
3251	19	2077
2787	19	2117
3604	19	2077
2138	19	2117
3448	27	2405
3073	19	2077
2907	19	2098
3370	19	2061
2503	33	3773
3620	19	2098
3521	19	2061
2141	19	2117
3286	35	2804
3812	22	2112
3360	26	3263
3433	35	2472
2464	27	3729
2600	19	2117
2912	19	2061
3251	28	3649
3560	24	3542
3083	21	3831
2354	19	2117
2371	30	3371
3610	19	2084
2532	21	2799
2068	20	2066
2270	19	2098
2702	19	2095
2761	19	2077
2621	27	2864
3897	19	2084
3153	19	2117
2898	26	2403
3393	27	3266
2770	21	3589
3149	28	2296
3214	20	2066
2511	27	2926
2305	32	2652
2505	19	2064
2634	24	3650
3327	24	2311
3278	28	2628
2658	19	2089
3189	26	2307
3799	19	2061
2508	20	2066
3616	27	2107
2347	29	3204
2067	23	3248
2324	19	2077
3423	19	2077
2986	19	2098
3408	33	2782
2999	36	2785
2496	22	2497
3014	19	2102
3306	20	2066
2849	24	3471
3540	23	3775
3424	31	2220
3009	37	2909
3718	19	2061
2770	19	2117
3588	21	3589
3636	29	3503
2372	21	2373
2344	21	2663
3749	28	2708
3144	19	2064
2697	27	2571
3670	20	2066
2951	19	2117
3407	35	3579
3641	28	3441
3090	28	2189
2963	25	3302
3523	26	2497
2733	20	2066
2275	21	2700
3485	23	3429
2854	19	2061
3837	23	2140
2997	21	3939
2604	27	2560
3525	19	2077
2142	22	3470
3898	19	2084
2154	33	2110
2067	20	2066
3729	19	2064
2141	32	2758
2183	19	2061
2203	38	3345
2993	38	3241
2936	23	2831
2412	19	2084
2795	26	2964
3140	19	2077
3070	29	2977
2819	19	2111
2978	24	3070
3602	19	2089
3214	23	3183
3672	24	2209
2362	19	2077
3683	37	3664
3113	21	2373
3438	19	2077
3665	28	3551
3931	28	3484
3536	19	2084
3043	27	2129
2549	26	2550
3331	27	3180
2816	28	2459
2561	24	3719
3278	19	2077
2768	19	2117
2314	19	2098
3504	23	3505
2301	22	2235
3104	36	2295
3059	38	3060
2447	19	2117
3805	19	2064
3661	19	2111
3077	26	2138
2187	19	2084
2973	37	2743
2674	19	2077
3840	24	3809
3200	19	2058
2387	22	3573
2919	28	2790
2838	24	3086
3791	19	2058
2948	30	2354
2550	21	3589
2188	19	2098
2678	37	3500
3228	23	3229
3533	19	2064
3692	19	2084
3318	34	3319
3671	24	3208
3416	26	3122
2470	19	2058
2825	19	2061
3324	19	2117
2918	19	2077
3696	24	2207
3599	19	2077
2659	19	2098
3597	29	2402
2383	19	2098
2427	23	3325
2969	19	2111
3017	19	2098
2566	22	2983
3356	22	2512
3335	19	2064
2677	21	2373
2328	29	2176
2451	19	2210
2434	19	2077
3162	29	2532
3340	28	3802
2355	19	2098
2514	28	2515
2914	19	2098
3497	22	2402
3420	19	2064
2145	19	2117
2088	19	2089
3575	37	3576
2578	19	2210
2410	29	3096
2584	29	2225
2175	23	2096
2467	27	3542
2525	25	2678
2280	19	2061
2899	36	2295
3614	23	2250
3766	30	2501
3498	19	2102
2268	21	2269
2159	19	2077
3518	19	2111
3441	19	2058
3840	28	2583
3189	27	3190
2748	19	2102
2265	19	2064
3218	28	3223
3202	37	3484
3542	25	2615
3442	19	2058
2492	19	2098
2984	22	2115
2746	30	2447
2367	20	2066
2686	33	2118
3350	23	3487
3294	37	3074
2332	33	3662
2696	28	2605
2609	26	2610
2591	22	2195
2352	19	2077
2901	19	2064
3535	28	2878
2422	24	3439
2266	21	2182
3307	19	2077
3436	23	3744
2403	21	2087
3332	37	3342
3096	19	2117
3056	19	2064
2970	19	2064
2461	27	2293
2384	26	2818
2487	22	2737
2499	30	2152
2338	19	2089
2236	19	2064
3287	19	2077
2619	24	2620
2867	19	2077
3467	19	2077
3303	28	2731
2347	25	2139
2994	28	2744
2353	28	2354
3523	27	2482
3704	27	2597
3566	19	2061
2307	33	3354
2543	19	2077
2085	19	2117
2854	27	3454
3225	19	2061
2805	19	2077
3243	27	2595
3380	24	2942
3066	23	3393
2956	29	2228
3293	25	3294
3569	27	2620
2738	19	2077
2891	37	3392
2686	21	3106
2414	19	2064
2649	28	2650
2273	33	3813
3799	26	2151
2140	27	3283
2976	27	3308
2790	19	2117
3596	19	2061
2105	19	2098
3272	29	3263
2808	37	2809
3033	32	3581
3172	19	2084
2717	30	2235
3367	19	2064
3687	19	2064
3528	28	2244
2519	20	2066
3254	19	2463
2539	20	2066
2995	20	2066
2526	22	2238
3351	26	2871
2992	28	2743
2318	19	2210
3706	23	3623
3713	23	3828
2852	19	2064
2328	19	2064
2820	23	3077
2929	28	2764
2291	29	2156
2752	33	3801
2723	27	3754
3531	19	2064
3822	28	3198
3669	28	3048
3901	28	3171
3193	28	2122
2477	19	2064
2923	24	2924
3595	19	2102
3192	19	2077
2060	27	2771
2473	36	2474
3429	19	2061
2436	19	2117
3043	19	2061
2809	30	2515
3232	34	2246
3881	24	2297
2489	19	2064
3600	21	2373
3253	24	3363
3194	28	2484
3276	28	2512
3875	19	2084
2838	19	2089
2701	28	2313
3334	29	2830
2416	28	3122
2438	22	2397
3165	19	2095
3198	21	2700
2266	38	2888
3651	24	3655
2920	22	2550
3445	28	2686
3647	22	2813
2427	20	2066
3887	19	2084
3449	28	3450
3386	19	2061
2237	37	3268
3385	19	2098
2798	21	2431
3857	29	3347
2203	21	2373
2103	29	2737
3351	27	3759
3405	26	3068
3087	19	2463
3894	19	2064
3840	19	2077
2624	29	2240
3769	19	2064
2905	19	2077
2298	19	2117
3598	19	2098
3736	24	3533
2502	19	2098
3933	19	2084
3059	19	2117
3680	34	2306
3750	19	2084
3732	19	2111
3601	29	2628
2552	19	2117
3474	19	2061
2321	19	2061
3296	31	2838
2906	28	2415
3597	19	2064
2423	19	2117
3155	19	2064
2814	19	2061
3524	27	2310
3644	19	2098
2951	21	3242
3660	31	3151
3109	19	2102
2782	36	2295
2083	19	2084
2555	19	2064
3681	29	2201
2942	29	2238
2423	21	3869
2949	29	2273
2415	19	2117
2919	24	2131
2368	19	2077
3320	28	2276
2856	19	2210
3932	19	2111
2783	19	2117
2076	24	3045
2305	33	2833
2595	19	2064
2213	19	2102
3075	19	2098
3853	19	2084
3755	20	2066
2435	31	2690
3612	19	2098
3258	37	3909
2957	30	2201
2173	34	2791
3554	19	2061
2645	24	2646
3359	27	3170
2419	32	2974
2843	19	2061
3670	22	2491
3433	19	2210
2738	28	2090
2103	25	2104
2519	23	3370
2074	21	2431
2286	21	2337
2467	19	2061
3651	19	2077
2099	22	2484
3055	26	2801
3726	29	2375
3016	29	2513
2195	38	3742
3724	23	2981
2432	22	2605
2617	19	2064
2939	23	3714
3677	22	2282
3025	26	2650
3122	33	3463
3764	24	3769
3340	19	2077
2285	26	2286
3776	31	3318
2114	19	2077
3572	27	2167
2375	19	2117
3571	23	3572
2207	25	3538
2670	28	3496
2258	19	2117
3441	30	2501
3510	22	2993
3266	19	2064
3595	37	3766
3352	19	2061
2482	19	2064
3637	19	2077
3265	29	2122
2166	21	3089
3298	28	2332
2062	21	2070
2057	30	2421
2778	19	2061
3291	28	2818
2585	24	2803
2073	26	2630
2575	21	3846
3899	19	2084
2823	24	3433
3734	24	3283
3393	19	2061
3848	19	2117
2294	36	2295
2861	28	2925
3159	29	2638
2379	19	2117
3082	30	2753
3231	19	2102
2644	23	3524
2753	38	3137
3565	19	2061
3686	23	3582
3389	30	2211
2676	27	2347
2687	19	2064
2818	33	2819
2960	20	2066
2852	29	2136
3374	19	2064
2115	19	2117
2972	22	3000
3653	28	2393
2793	19	2117
2227	19	2061
2950	23	3230
2642	19	2098
3713	19	2098
2838	34	3087
3486	22	2302
2489	29	2396
3357	20	2066
3204	21	2700
3659	19	2463
2672	19	2064
2189	21	2720
2299	37	3273
2523	25	3621
2530	28	3201
2653	20	2066
2753	33	2448
3502	25	2351
2154	19	2117
2756	26	3252
3749	24	2707
2798	33	3661
3058	24	2441
2525	19	2064
2259	19	2117
2712	35	3082
3261	27	2827
2311	19	2064
3723	19	2077
3160	19	2102
2275	19	2117
3746	37	3494
3486	19	2098
2608	25	3014
3685	24	3076
2985	19	2077
3808	27	3443
3880	19	2098
3570	20	2066
3178	19	2064
3583	19	2061
3762	19	2111
2662	19	2064
3348	22	2922
2894	28	2532
3535	19	2077
3728	19	2102
3170	29	2813
2954	23	3698
2567	19	2061
2229	32	2652
2729	26	2787
2832	28	3408
3743	28	3054
2197	19	2098
2707	19	2064
2609	27	2687
3301	24	3428
2540	19	2061
3825	19	2098
2732	19	2102
3705	19	2084
2810	34	3564
2647	19	2098
2577	19	2117
3539	32	2652
2401	19	2064
2088	34	3659
2944	21	2373
3006	19	2463
3423	24	3424
2536	19	2098
2471	19	2102
2679	27	2426
3475	28	2443
2940	19	2111
2335	19	2111
2150	25	2101
2760	26	2268
3387	19	2210
2910	21	2337
2727	32	2196
3150	22	2783
3399	19	2111
2890	30	2201
2643	19	2061
3894	29	2559
3295	29	2636
3876	27	2901
3064	19	2077
2554	22	2286
3513	19	2061
2626	19	2064
3290	23	3882
3105	21	3106
3417	22	3408
3179	19	2064
3609	19	2098
3394	29	3395
2656	20	2066
3604	28	2752
2270	22	2271
2247	28	2248
3492	26	2198
3405	19	2061
3211	19	2102
3205	19	2077
2908	22	2394
3295	31	2821
3108	19	2064
3572	26	2181
3620	22	2268
3257	25	3258
2090	19	2117
3020	19	2077
2589	25	2590
2257	30	2258
2248	30	2144
3738	27	3660
2821	19	2089
3063	29	2630
3414	19	2095
3284	20	2066
3706	22	2305
2331	23	3511
3068	19	2117
3241	19	2095
3645	19	2061
3506	19	2061
3296	29	3153
3041	28	3263
3136	26	2330
3889	19	2077
2265	29	2944
3024	32	2758
2731	19	2058
3044	27	2672
3448	19	2061
2771	25	2772
2479	19	2098
3016	19	2064
3487	19	2061
3420	25	3099
2065	23	2877
2684	33	3338
2993	32	2834
3524	19	2061
3118	28	3049
3131	23	2534
3463	19	2111
3061	29	3062
3471	19	2064
2386	19	2061
3431	24	3282
2719	19	2084
3291	19	2077
2574	19	2077
3618	19	2084
2587	21	3850
2648	27	3625
3275	26	2587
3354	19	2111
3162	25	2507
3300	19	2095
2902	23	2903
2090	33	3447
3351	19	2061
2831	19	2061
3339	21	2364
3243	26	2596
2630	21	2336
2559	33	3349
3304	19	2064
2873	24	3857
3791	30	2801
2917	19	2061
2760	27	3761
2380	19	2058
3620	20	2066
2826	26	2397
2331	22	2332
3271	26	2419
2806	19	2061
2795	19	2061
3120	23	3243
3437	19	2058
3882	27	3295
2604	19	2061
2401	29	2750
2716	19	2102
2353	19	2077
2674	24	2675
2835	19	2064
3362	28	2092
2789	30	2638
3370	26	3105
2903	26	2793
2504	26	2640
3787	19	2102
3190	31	3680
3203	20	2066
2714	19	2098
2310	19	2064
2154	21	2431
3562	19	2058
2711	20	2066
3221	29	3688
2911	19	2061
3780	19	2111
3280	26	3281
3916	19	2084
3621	19	2102
2883	24	3295
3299	19	2064
2123	26	2163
2143	25	3757
2218	22	2341
2442	21	2700
2902	20	2066
3547	26	2075
2509	21	2612
3532	28	3392
2370	23	3646
2650	33	3046
2994	24	3864
2751	20	2066
3499	19	2098
2443	30	2444
3717	19	2077
2062	19	2117
2793	33	2473
3602	24	3767
3572	19	2061
2828	29	3573
3829	29	2959
2357	27	3435
3250	24	3299
2846	37	2847
3155	29	3013
2225	19	2117
3216	19	2210
2391	27	3159
3379	19	2077
3522	19	2102
3905	28	3147
2478	27	3174
2913	19	2098
2372	19	2117
2817	26	2934
2354	21	2182
2976	26	2430
3609	22	2750
2114	28	2801
2920	23	2549
3502	31	3285
2424	29	2535
3871	19	2077
3191	19	2061
2955	19	2077
2681	22	2199
2468	22	2313
2618	19	2098
3430	26	2144
2997	32	2767
2071	22	2072
2420	27	3478
2868	19	2061
3777	24	3407
2958	22	2520
3527	24	2722
3116	19	2077
3363	19	2064
3103	19	2117
3439	29	2423
2131	19	2064
2618	23	3489
3128	19	2077
3587	22	2136
2292	22	2836
2165	20	2066
2149	20	2066
2628	21	2431
3395	19	2117
2746	19	2058
3071	19	2117
2689	22	3281
2922	19	2117
2276	21	2337
3664	19	2058
2796	19	2077
2284	19	2102
3288	25	2808
3179	29	2259
2277	27	2278
2905	28	3062
3600	19	2117
2181	33	2784
3467	28	2379
2214	28	3105
2309	21	2431
2287	19	2064
3915	28	3562
3580	28	2419
2794	20	2066
2534	19	2061
3911	19	2077
3578	19	2061
2777	27	3016
2308	28	2309
3741	19	2210
2754	23	2755
2141	21	3834
2137	22	3175
3635	20	2066
3325	26	3024
3005	29	3038
3102	19	2077
3245	37	3868
2192	24	2712
3632	19	2077
2435	19	2064
2842	31	3673
2988	19	2102
2460	20	2066
3228	20	2066
2791	30	2189
3738	19	2061
2978	28	2977
2109	27	2739
2231	24	3119
2140	26	3156
3811	19	2084
3551	30	2445
3516	19	2061
2753	21	3106
3317	30	2116
3256	19	2089
2430	32	2767
2508	19	2098
2314	23	2825
3543	19	2210
2958	20	2066
2858	19	2098
3759	19	2064
3392	30	2447
3583	27	3026
3330	19	2095
2464	19	2061
3036	24	2828
2446	23	3516
2433	19	2061
2924	19	2064
3480	35	3319
3125	27	2852
2768	21	2812
3906	19	2084
3822	24	2477
3127	23	3419
3256	24	2606
3828	26	2256
2097	19	2098
3027	28	3143
3461	35	2546
3336	27	3051
3830	24	2852
3724	19	2098
3298	19	2077
2820	19	2098
2168	37	3200
2941	27	2942
2905	24	3061
2405	25	3498
2456	23	2457
2409	28	3096
3365	28	2990
3290	19	2098
2551	20	2066
2711	19	2098
3072	21	3589
2122	19	2117
3788	28	3684
3689	23	2912
2430	21	2431
2631	25	3011
3748	24	3805
3659	30	2550
2824	24	3222
2579	20	2066
2892	25	2893
3027	24	2278
3092	26	2074
3431	19	2077
3779	19	2077
3473	19	2084
2779	19	2084
2178	20	2066
2560	31	2823
3762	36	2295
2813	32	3622
2454	27	3144
2988	37	3802
2945	19	2061
2512	21	2837
2740	19	2061
3263	21	3001
2363	19	2117
2811	19	2084
3227	19	2061
2998	24	2668
2997	19	2117
2858	22	2444
2201	19	2117
3391	26	2753
3215	28	2240
2133	29	2728
2312	26	2313
2112	19	2117
2682	19	2061
2245	35	2246
2311	29	2934
3108	29	3184
2817	19	2061
3285	34	2804
2450	19	2089
2733	19	2098
3386	26	3117
2999	19	2111
3076	19	2210
2411	27	3533
3374	25	3683
3195	24	2143
3495	19	2064
3055	19	2061
3164	23	3351
2439	19	2077
2857	29	2393
3862	19	2084
2900	24	2901
2533	22	2148
3798	19	2084
2274	28	2275
2356	27	3699
3284	23	3645
2180	19	2077
3101	23	3358
2208	38	2855
3008	19	2102
2877	26	2878
2657	19	2061
2424	19	2064
2643	27	2265
2267	28	2144
2081	19	2064
3847	19	2077
2497	19	2117
3790	29	3281
2939	19	2098
2253	21	2916
3533	29	2381
2173	24	3545
2309	19	2117
3470	19	2117
2731	30	2650
2927	19	2089
2570	24	3783
2460	22	2201
2827	19	2064
2653	23	2756
2721	27	2722
2524	24	2525
3185	19	2098
2301	23	3261
3477	19	2077
3383	19	2064
3233	31	3256
3250	19	2077
3477	24	3478
3146	27	3236
2668	29	2341
2071	23	2854
2782	19	2111
3149	19	2077
3038	21	2269
2184	19	2064
3272	19	2064
2444	21	2182
3325	27	2592
3700	28	2847
3397	25	2471
2757	19	2064
3753	19	2064
2480	27	3344
3281	33	3479
3035	24	3741
3166	19	2077
3689	22	2628
3417	23	3418
2271	33	2582
2843	26	3550
3925	19	2210
3730	19	2077
2861	24	3631
3075	20	2066
3716	19	2077
3370	27	2215
2180	28	2909
3657	28	3068
3753	29	3848
3452	26	2770
2435	29	2727
3673	34	2319
2063	29	2793
3478	29	2421
3127	19	2098
3491	22	2198
2208	32	2932
3488	22	2586
2325	29	3239
3882	19	2061
2217	20	2066
2100	28	2181
2152	19	2117
3369	22	2600
3909	30	2725
3134	19	2102
3194	24	3420
3403	26	2959
2727	19	2117
3724	20	2066
3594	23	3459
2744	21	3589
2193	19	2064
2174	21	2364
2728	21	2799
2078	22	3347
2215	25	2125
2433	26	2605
3013	33	3638
3653	19	2077
3544	30	2229
3343	19	2077
3156	21	2373
2824	28	2983
3807	19	2064
2673	19	2117
3328	21	2269
2540	26	3503
3377	19	2077
3706	19	2098
3166	24	2150
2894	24	3162
3927	19	2098
3676	19	2064
2278	19	2064
3814	19	2077
3818	31	2231
2765	22	2415
2832	19	2077
3714	19	2061
2366	38	2376
2975	20	2066
2648	19	2061
2846	19	2102
2709	29	3117
2060	26	2445
3292	26	2491
3415	28	2793
3925	35	3564
2698	34	2462
3100	19	2061
3026	19	2064
2915	30	2309
3614	22	3113
3620	23	2760
2460	19	2098
3783	35	2518
2939	20	2066
3820	20	2066
3635	19	2098
2116	21	2700
2477	29	3198
2850	29	2650
3154	19	2061
3793	19	2077
3074	30	2587
2590	37	3456
3115	19	2061
2681	20	2066
2839	29	2366
2802	26	2586
3390	26	2727
3024	21	3589
2760	19	2061
3480	19	2210
2163	21	3797
3144	29	2552
2550	19	2117
3727	23	3465
2684	19	2117
2482	25	2237
2684	38	3462
3537	19	2064
2086	33	2940
3184	33	2190
2522	28	2344
3760	20	2066
3590	19	2102
2161	19	2064
3080	24	2623
2979	19	2111
3423	28	2229
2333	19	2098
3377	24	3454
3468	30	2116
3013	32	2932
3678	19	2077
3870	28	2737
3543	35	3544
3641	19	2077
2818	19	2117
3686	20	2066
2813	19	2117
2385	23	2386
3094	23	2667
3920	19	2077
2453	23	3460
3695	23	2938
2171	35	3368
3010	19	2077
2599	28	2600
2698	19	2089
3537	29	2145
3298	24	3326
3107	28	3184
2635	21	2373
3483	28	2074
2556	21	2431
3658	28	2552
3503	19	2117
3018	19	2058
2690	19	2089
2519	19	2098
2738	24	2739
3297	28	2610
2468	19	2098
2110	19	2111
2536	20	2066
3753	31	2645
2350	22	2403
2839	19	2064
3855	19	2061
2874	19	2098
3876	26	3328
2320	20	2066
3027	19	2077
3077	19	2061
2233	19	2102
3450	19	2058
3724	22	2194
3286	19	2210
3469	19	2095
3596	27	2970
3326	29	2332
3606	19	2061
3778	19	2077
2947	24	2578
3397	29	3033
3040	24	3894
2378	20	2066
3459	27	3233
2625	28	2677
2959	21	2070
2569	28	3600
2417	26	3371
3482	19	2077
2558	19	2058
2343	26	2344
3911	28	2483
3825	23	2622
3177	23	3352
3062	19	2117
3872	23	2060
2207	19	2064
3137	19	2095
2086	21	2087
3650	19	2064
3554	26	2559
3598	23	2272
2706	19	2084
2924	29	3072
2686	19	2117
2953	21	2700
2378	22	2379
2659	20	2066
3542	29	2186
3924	19	2084
3270	31	2810
3034	19	2077
3197	28	2225
2763	19	2102
3451	19	2058
2327	28	3113
3511	26	2332
2879	20	2066
3322	28	2206
2363	21	3546
3415	19	2077
2735	19	2058
2101	37	3277
3143	19	2117
2804	30	2971
2146	24	2124
3309	23	2989
3707	37	2470
2597	29	2598
2430	33	3226
3442	30	2635
2977	21	2337
2599	24	2571
2622	26	2990
3812	19	2098
3281	32	2767
2888	19	2095
2877	27	3446
3667	26	3062
3740	28	2397
3359	26	2813
2795	27	2963
2765	23	2766
3188	26	2515
2300	22	2203
2162	30	2156
3491	20	2066
3412	19	2098
2534	27	2424
3403	27	3829
3485	19	2098
3837	20	2066
3613	26	2836
3483	19	2077
2536	22	2419
3143	21	2070
2400	28	2750
3909	19	2058
3406	28	2166
2627	30	2628
2147	27	2863
2507	19	2102
3308	29	2430
3635	23	3405
3187	25	2692
3507	19	2064
2784	19	2111
3057	34	2546
2122	21	3019
3545	35	2791
3064	24	2328
3070	19	2064
2428	19	2077
3484	19	2058
2914	20	2066
3366	24	3367
2755	26	2211
3168	26	2189
2941	26	2238
3570	22	2130
2465	24	2889
2367	23	2440
2771	19	2064
3755	23	2322
3731	19	2102
3369	23	2697
2725	19	2117
2998	28	2341
2633	23	3476
3419	27	3650
3341	19	2077
3206	19	2058
3107	19	2077
2751	19	2098
2132	37	3199
2989	19	2061
2805	28	2268
3866	24	3585
3336	26	2119
3061	19	2064
3756	19	2210
3558	24	3409
3183	19	2061
3709	28	3503
2333	20	2066
3421	22	2770
2563	26	3470
2879	23	2343
3271	19	2061
3109	37	3496
2388	27	2828
3368	19	2463
2757	29	3252
3901	19	2077
2350	19	2098
3285	24	3286
3381	26	2971
3534	19	2210
2408	29	2783
3003	23	3004
3111	19	2098
2801	21	3720
3612	22	2119
2993	19	2117
3372	19	2095
2240	21	2373
3891	28	3868
2802	19	2061
3395	33	3515
3126	23	2280
3527	28	2455
2191	19	2064
2115	21	2269
2313	21	2373
2766	26	2415
3560	28	2186
3385	20	2066
3758	23	2967
2186	19	2117
2277	26	3143
3800	20	2066
2452	23	2759
3436	20	2066
3140	24	3625
2948	19	2058
3941	19	2077
3896	30	2256
3252	21	2364
3465	19	2061
3561	19	2098
3191	27	3005
3658	19	2077
2636	33	3078
3133	19	2084
2986	20	2066
2885	22	3588
3424	19	2064
2262	21	3530
2386	27	3155
3279	26	2581
3025	27	2850
2907	23	3136
2160	19	2077
2923	19	2077
2289	19	2061
2666	19	2463
2622	19	2061
3868	19	2058
2921	29	2922
2421	19	2117
3402	19	2084
3468	19	2463
2636	19	2117
3147	19	2117
3029	26	2396
3842	19	2077
2965	21	2916
3409	19	2210
2641	19	2111
2329	19	2077
3627	19	2111
2526	20	2066
3472	19	2111
2654	19	2064
2349	28	2395
3158	25	3481
3381	27	3502
2588	19	2061
3474	26	2444
3258	19	2102
3039	19	2061
2754	22	2211
3868	30	3122
3438	24	3879
3570	23	3384
2133	19	2064
2528	26	2977
2289	27	2892
2633	22	2259
2329	28	2587
3678	28	2273
3086	35	3087
2370	19	2098
3304	29	2506
3209	19	2061
2630	19	2117
3385	22	3117
2880	29	3408
2554	20	2066
3684	19	2058
3385	23	3386
2991	19	2098
3358	19	2061
2996	27	2589
3161	26	3071
2403	32	3581
2121	26	2122
2394	38	2962
3823	24	2580
2128	21	2700
3483	24	2835
3037	24	3005
3284	19	2098
2961	20	2066
2413	19	2111
2938	19	2061
3455	24	3179
3639	19	2098
2501	21	2700
3122	19	2117
2580	29	2581
3557	28	2164
3574	19	2098
3570	19	2098
3264	28	2115
2173	19	2089
3621	37	2548
2374	19	2098
3615	23	3360
3295	19	2064
2492	20	2066
2355	22	2169
3711	19	2064
3937	19	2084
3859	19	2077
2985	28	2375
2528	27	3070
3657	24	2510
3017	22	3600
2862	19	2210
2487	20	2066
3471	29	2086
2384	27	3181
3231	37	3364
2326	19	2084
2105	23	3718
3139	28	2753
3257	29	2725
2156	19	2117
2063	19	2064
2292	19	2098
2539	19	2098
3326	19	2064
2981	27	2193
2222	23	2223
3902	19	2077
2789	19	2463
2657	27	2184
3083	19	2117
2075	21	2364
2764	30	2156
3409	35	2915
3394	19	2064
2496	20	2066
2252	28	2253
2572	24	3255
2544	29	2085
2190	19	2111
2734	28	2735
2149	22	3038
3630	23	3667
2168	19	2102
3718	26	2506
3072	19	2117
2614	19	2064
2780	19	2077
2453	19	2098
2161	29	2770
2844	37	2601
3745	26	3000
3577	19	2111
3297	24	2687
2302	19	2117
2254	19	2064
3380	19	2077
3383	29	3600
3760	19	2098
2844	19	2102
3699	19	2064
2890	19	2463
3348	20	2066
3525	24	2283
3464	23	2420
2581	38	3165
3099	37	2483
2260	23	3279
3934	19	2084
3656	22	2792
2276	19	2117
3517	25	2233
3505	27	3719
2998	19	2077
3068	21	3411
3892	27	2848
2316	37	2459
3366	19	2077
3803	28	2952
3153	21	3884
2306	19	2463
3145	19	2098
2126	19	2077
3124	30	2953
3487	27	3178
2882	19	2077
2667	19	2061
3540	22	2174
3735	28	2179
2178	19	2098
2274	19	2077
2491	19	2117
2222	22	2532
3412	23	3305
3478	19	2064
3747	26	3198
3314	26	2708
3131	19	2098
2241	29	2256
2459	19	2058
2556	19	2117
2509	19	2117
2457	19	2061
2815	29	2092
2675	29	2262
2432	20	2066
2693	19	2111
3203	19	2098
3129	24	2263
3101	22	2141
2466	19	2098
2900	28	3328
3501	19	2077
2936	19	2098
2405	29	2302
2359	19	2077
2310	31	3232
2659	22	2442
3014	37	2443
3276	19	2077
3848	21	2431
2984	19	2098
2748	37	2948
3619	19	2077
3881	28	2298
3539	21	3106
3178	29	2997
2092	21	3589
2873	19	2077
3075	22	2640
3028	24	3178
2627	19	2463
3830	19	2077
2664	19	2077
3132	24	3121
3552	19	2061
2091	19	2098
2730	24	2489
3656	19	2098
2541	23	2542
3305	19	2061
2576	19	2098
2407	24	2408
3817	22	3198
2302	21	3945
2101	19	2102
2323	37	2057
3159	31	2450
2625	19	2077
2520	19	2117
2459	30	2506
2389	19	2098
3752	24	3753
2962	19	2095
2079	26	3347
2559	21	2431
2963	19	2064
2602	27	2603
2722	29	2455
3643	20	2066
2546	30	2332
3324	21	2364
2356	26	2169
3734	19	2077
3900	19	2084
3047	19	2102
2387	19	2098
3561	23	2411
2074	32	2758
2983	21	2700
3644	22	2393
3634	19	2463
3323	19	2095
3879	29	2203
3287	24	3790
3307	28	2430
2198	19	2117
3579	30	2993
2288	20	2066
3810	24	3394
3564	19	2463
3747	27	2477
2747	19	2098
2938	26	2152
2709	19	2064
3718	27	3304
2267	24	3187
2201	38	3721
3205	28	3206
2425	37	3223
2761	28	2792
3183	26	3184
2786	26	2744
3230	27	2382
3299	29	2075
2594	24	2193
3344	29	2800
3413	19	2084
2550	32	2834
2913	23	3565
3500	19	2058
2590	19	2102
2239	19	2210
3437	30	3239
2208	21	2887
3511	19	2061
2586	21	2182
2163	19	2117
3485	20	2066
2420	19	2061
2185	19	2098
2504	19	2061
3378	19	2095
2288	23	3044
2167	29	2181
2900	19	2077
2078	23	2079
2398	34	2399
2714	20	2066
2304	19	2077
3173	28	2380
2516	19	2117
3494	19	2058
2113	22	3371
3550	19	2117
3371	21	2269
3101	20	2066
3723	24	3531
2303	21	3563
2842	19	2064
2065	22	2878
3081	19	2210
2935	19	2463
2896	28	3371
3123	28	3124
2866	19	2098
2282	21	2373
2175	20	2066
3125	19	2061
2696	24	2715
2807	19	2064
2212	29	2152
3446	19	2064
2465	19	2089
2135	30	2208
2716	37	2717
2261	22	2262
2347	19	2064
3873	19	2084
3350	20	2066
2736	27	2103
2224	26	2436
3930	19	2084
3410	19	2077
3573	21	2916
3047	37	3048
3045	29	2993
3800	19	2098
2086	32	2652
3637	28	2112
3023	24	2498
2186	21	2700
3000	19	2117
2389	22	2296
2223	26	2532
3375	24	3376
3320	19	2077
2686	32	2834
3301	28	2059
2611	26	2925
3327	19	2077
3820	22	2503
3052	19	2102
3004	27	3158
3141	24	2757
3346	29	2798
2755	27	3404
3737	19	2111
3854	19	2077
2623	35	2853
2218	23	2340
2968	29	2953
2279	30	2195
2212	31	3023
2724	26	2276
3723	28	3071
2244	21	3453
3274	19	2098
3058	28	2684
3056	25	3590
3116	24	2839
2886	37	3171
3672	19	2089
2287	29	2282
2368	28	2369
2769	28	2725
3129	19	2077
2271	21	3633
3025	19	2061
2331	19	2098
3360	19	2061
3559	37	3289
2903	27	2063
2229	33	2230
3525	28	2195
2914	22	2501
3198	19	2117
3667	27	3061
2385	22	3013
3440	19	2077
2096	27	2328
3926	19	2084
3558	19	2089
3535	24	3446
2882	24	3660
2221	26	2379
3134	37	3135
2610	33	3626
3406	19	2077
3184	21	3935
2350	20	2066
3488	19	2098
2197	22	2144
2562	19	2117
2553	22	2122
2921	19	2064
2175	22	2176
3100	26	3059
2325	19	2064
3301	19	2077
3368	30	2421
2737	19	2117
3844	19	2084
2982	28	2813
2283	29	2195
2468	20	2066
2996	19	2061
3516	27	3517
2134	19	2077
2774	24	3159
3379	24	3759
3882	26	2636
2588	26	2203
2216	22	2059
3265	25	3160
2909	30	2581
2362	28	2363
2445	19	2117
3592	19	2077
3449	19	2077
3151	24	2773
2312	19	2061
3842	28	3816
2595	29	2596
2346	28	3204
2615	37	2558
2305	21	2431
2106	28	2768
3941	28	3135
2439	28	2330
3176	37	2665
2297	19	2064
3497	23	2183
3386	27	2709
3810	28	3395
3214	22	3184
3220	24	3221
2112	21	2336
3358	27	3270
2715	29	2605
3770	19	2084
3905	24	3495
2634	28	2635
3611	19	2084
2981	26	2194
3772	19	2058
3367	31	2658
3079	28	3024
2068	22	3201
3082	19	2463
3092	19	2061
2179	19	2117
3686	22	2166
3860	29	2138
2473	19	2111
3917	19	2084
2148	19	2117
2853	30	2598
3321	23	2613
3303	19	2077
2902	19	2098
2283	19	2064
2092	19	2117
3254	30	2684
2338	34	2339
2155	23	2945
2314	22	2573
2937	20	2066
3671	19	2077
3519	19	2084
2851	37	2731
3495	29	3147
2136	21	2070
3650	29	2635
2718	24	3063
2359	24	2360
3243	19	2061
2636	32	2932
3436	19	2098
3685	19	2089
3335	29	3550
2358	21	3089
2705	19	2111
3801	19	2111
2589	19	2064
3733	28	3550
2810	24	3925
3841	19	2463
3775	26	2174
2618	22	2145
2754	20	2066
3187	29	2144
3168	27	2172
2434	24	2435
3861	28	3153
2079	27	3857
2683	28	3277
2536	23	3271
3936	19	2084
3217	27	2921
2076	19	2077
3325	19	2061
2406	19	2089
3496	19	2058
3375	34	3771
3943	19	2084
3835	19	2084
3443	19	2064
2069	33	3577
3619	28	3791
2891	19	2102
3584	24	2597
2150	29	2151
2259	21	2726
2937	23	2357
2407	19	2077
3041	19	2077
3279	19	2061
2144	21	2337
2343	27	2523
3127	20	2066
2177	24	3387
3312	19	2111
3527	19	2077
2770	32	3839
2284	37	2279
3547	27	3299
2904	19	2064
2566	20	2066
3812	20	2066
2323	19	2102
2696	19	2077
2320	19	2098
2548	19	2058
2952	30	2953
2146	28	2163
3582	26	2166
2561	28	2562
3499	23	3100
3826	19	2077
2367	19	2098
2228	21	2799
2629	22	2630
3253	19	2077
3818	19	2064
2535	21	2226
3640	27	3585
2514	24	3288
2141	33	3311
2843	27	3335
3698	26	2677
3140	28	2372
2950	20	2066
2441	29	2684
2470	30	2072
3465	26	3147
2472	30	2112
3919	19	2084
2541	22	2369
2592	19	2064
3128	28	2145
2631	29	2253
2177	19	2089
3944	19	2084
2685	22	2686
2950	19	2098
3694	28	3114
2145	21	2337
3320	24	3568
2502	20	2066
2181	21	2182
2643	26	2944
2160	28	2770
2244	19	2117
2955	28	2228
3608	24	3213
3881	19	2077
3338	19	2111
3059	33	3444
3203	23	2676
2526	19	2098
3308	19	2064
2209	35	3841
3859	28	3199
3131	20	2066
3003	19	2098
2322	26	2798
2692	19	2102
2632	19	2084
3793	24	3829
2490	22	2395
2640	19	2117
2278	29	3143
3102	24	2382
2346	24	2347
3836	19	2084
2592	25	2593
3749	19	2077
3316	19	2077
3758	20	2066
3382	19	2061
3561	22	2381
2814	26	2092
3725	24	3026
2356	19	2061
3192	28	2119
3523	19	2061
2610	21	2431
2342	21	3563
2248	19	2058
3687	29	2990
3010	24	2595
2126	28	2728
2786	19	2061
2249	26	2062
3012	28	3013
2393	19	2117
3491	23	3492
2601	30	3175
3142	20	2066
2382	19	2064
2571	19	2064
2675	19	2064
2246	19	2463
2349	24	2654
3334	25	2881
3364	19	2058
2235	19	2117
2209	19	2210
3265	19	2064
2902	22	2793
3039	26	2201
3879	19	2064
3573	19	2117
3486	20	2066
2513	19	2117
2730	28	2396
3942	19	2084
3091	20	2066
3575	19	2102
2075	19	2117
3566	27	3121
3623	26	2305
3568	29	2276
2518	30	2085
3117	19	2117
3052	37	3053
3739	19	2077
2727	21	2070
2840	19	2077
3193	19	2077
2745	24	3507
3542	19	2064
3283	29	3156
2995	19	2098
2689	20	2066
2685	23	3682
2598	19	2117
2992	19	2077
2324	24	2325
3751	37	2257
2330	19	2117
3000	21	3001
3713	20	2066
3870	19	2077
2147	19	2061
2421	21	3563
2567	26	2983
3587	23	3125
3587	19	2098
2749	23	3583
2417	27	2418
3482	24	3818
2525	31	2088
3040	19	2077
2772	19	2102
3863	19	2084
2382	29	2951
2657	26	2516
3557	24	2607
2710	30	2503
3017	23	3382
3059	21	2431
2729	27	3818
2229	21	2612
3583	26	2266
2080	24	2081
2764	19	2058
2645	34	2666
2274	24	3711
2571	29	2600
2954	22	2677
3186	19	2084
2419	33	3518
3574	23	3161
2557	28	2558
3079	19	2077
3504	19	2098
3713	22	2256
3837	22	3156
3112	19	2064
2676	26	3204
2651	19	2084
2527	22	2977
2957	19	2058
3012	19	2077
3271	27	3676
3781	19	2463
2167	19	2064
3867	19	2084
3095	19	2077
2753	32	2834
2776	19	2064
2863	31	3672
3034	24	2608
2495	19	2098
3628	19	2061
3921	28	3451
3210	29	3113
2980	37	3441
2361	19	2098
3233	29	2354
3612	20	2066
2441	19	2064
2874	20	2066
2628	19	2117
3011	19	2102
2399	19	2463
2128	19	2117
2603	19	2064
2482	31	2762
3037	28	3038
3288	19	2064
2270	20	2066
2863	29	2148
2072	19	2117
2073	27	3063
2348	28	2809
3103	33	3104
2927	34	3674
3707	19	2102
2430	19	2117
2383	22	2818
3177	19	2098
2576	20	2066
3267	28	3268
2756	27	2757
3188	19	2061
3290	22	2636
3225	27	3221
2376	19	2095
2718	28	2630
3042	22	2971
2836	33	2449
2108	19	2098
3135	30	2638
3321	20	2066
3799	27	2150
3219	28	3896
3538	19	2102
3624	19	2102
2656	23	2657
3698	27	2626
2826	19	2061
2794	19	2098
3598	20	2066
2340	19	2061
2561	19	2077
2857	19	2064
3504	20	2066
3248	27	2131
2901	29	3328
3229	19	2061
3283	19	2064
3022	23	3799
2781	24	2968
2260	19	2098
2591	20	2066
2124	19	2064
2866	20	2066
2299	19	2102
3654	19	2077
3388	19	2077
2893	37	3562
2879	19	2098
2521	19	2111
3067	19	2102
2906	19	2077
3454	19	2064
3607	20	2066
3396	28	3033
2339	19	2463
2572	19	2077
2375	21	2946
2991	20	2066
2114	24	3056
3248	26	2790
3854	24	2603
2405	19	2064
3910	19	2084
2715	19	2064
2729	19	2061
2249	27	3208
3008	37	3333
3631	25	2486
3640	26	2342
3169	20	2066
2545	22	2925
3255	29	2573
2864	19	2064
2926	19	2064
3259	28	2371
2694	19	2084
3328	33	3890
2836	19	2117
2874	22	3054
3342	30	2112
3416	27	2537
3347	19	2117
3240	19	2098
3789	19	2084
3752	19	2077
3270	19	2064
2065	20	2066
2458	19	2077
3003	22	2965
3507	31	2927
3550	21	2837
2268	19	2117
3646	19	2061
3629	24	3344
2840	28	2235
3049	19	2058
2965	19	2117
2840	24	2827
2774	28	2638
2565	19	2095
3284	22	3848
2650	32	2758
3294	19	2102
3105	19	2117
2272	27	3282
3781	30	2302
3392	19	2058
2637	35	2476
2849	28	2086
2533	23	2147
3755	22	2798
2169	21	2337
3820	19	2098
3785	28	2922
3224	19	2095
2493	26	2363
2298	32	2196
3319	19	2463
3607	23	3227
3754	29	2205
2418	25	3167
3729	29	2575
3381	19	2061
3817	23	3747
2184	31	2404
2126	24	2133
3228	22	2423
2574	28	2575
2705	36	2474
2381	33	3398
2506	21	2373
2679	19	2061
2241	19	2064
3445	19	2077
2797	19	2061
2104	37	3772
2953	19	2117
2481	19	2077
2446	20	2066
2468	23	2312
3456	19	2058
2220	19	2089
2155	20	2066
2306	30	2307
3341	28	3342
2703	23	2704
3731	37	2931
2569	19	2077
3526	19	2102
3096	21	2337
2620	29	2577
2781	19	2077
3250	28	2075
3800	23	3390
2132	19	2102
3579	19	2463
2971	38	3372
3474	27	2608
2885	20	2066
3855	27	3367
3582	27	3050
2292	23	3613
3445	24	3337
3470	33	3509
2629	19	2098
3141	19	2077
3466	19	2210
2192	19	2089
2908	23	3596
2629	23	2073
2342	19	2117
2344	19	2117
2456	19	2098
2697	19	2061
2348	19	2077
2333	22	3153
2273	21	3138
2218	20	2066
2149	19	2098
3313	23	3314
2547	19	2077
2481	28	2497
3766	19	2058
3540	19	2098
2254	29	2154
2107	29	2768
2219	28	2138
3221	31	3375
2881	37	2829
3282	19	2064
3326	31	3057
3668	19	2077
2318	35	2319
3116	28	2366
2285	27	3363
2551	22	2552
3878	19	2084
3637	24	2560
3321	22	2303
2529	22	2515
3197	19	2077
2742	28	2830
2429	19	2095
2389	20	2066
3192	24	3051
2774	19	2077
3315	27	3257
3902	24	2863
2319	30	2305
3896	19	2058
3429	27	2207
3557	19	2077
3343	24	2505
2353	24	3233
2134	28	2135
2262	19	2117
2991	22	2228
3182	20	2066
2608	29	2444
2687	29	2610
2847	30	2262
3893	28	3541
3822	19	2077
3126	22	3239
2879	22	2344
2566	19	2098
2967	26	2953
2787	21	2364
2920	20	2066
2157	19	2084
2450	34	2789
3636	19	2064
2621	26	2244
2229	19	2117
3685	34	2202
2546	19	2463
3086	19	2210
3568	19	2064
2512	19	2117
3275	19	2061
3360	27	3272
2603	29	2501
2139	19	2102
2647	20	2066
3697	19	2098
3682	26	2686
2806	27	2807
3517	29	2447
3248	19	2061
3041	24	3272
3931	19	2077
3273	19	2058
3491	19	2098
2242	37	3896
3783	19	2210
3565	27	2254
2176	19	2117
2653	22	3252
3181	29	2818
3658	24	3144
2215	19	2064
2994	19	2077
3517	19	2064
2606	19	2210
2557	19	2077
2769	19	2077
3761	19	2064
3757	19	2102
2418	19	2064
2137	23	2478
3182	23	3025
3609	20	2066
2183	27	3597
2860	29	2397
2297	29	2298
2283	25	2284
2537	19	2064
2945	26	2156
3170	19	2064
2889	19	2210
3260	28	2271
3513	26	2179
2362	24	2904
2185	22	2186
2970	29	2394
2200	19	2077
2440	26	2684
2079	19	2061
3107	24	3108
3817	20	2066
2484	19	2117
3628	26	2993
2452	20	2066
3084	19	2210
3022	20	2066
3132	19	2077
3069	29	3054
3397	19	2064
2569	24	3383
2092	32	3148
3452	27	2161
2549	19	2061
2793	32	2652
3421	19	2098
3812	23	2604
3269	19	2077
2467	26	2186
2199	33	2693
2893	19	2102
3829	19	2064
3094	20	2066
3268	30	2497
2136	19	2117
2191	31	2192
2551	23	2454
2670	19	2077
2538	19	2084
2060	19	2061
2640	21	2700
2823	19	2089
2360	25	2299
2637	19	2210
2384	19	2061
2109	26	2090
2177	34	3634
3204	19	2117
2491	33	2713
3225	26	3688
2986	22	2069
2322	19	2061
2192	34	3082
3649	19	2058
3065	28	3693
2797	27	3805
3105	38	3323
2385	19	2098
3655	29	3059
