1103	0	1759
1295	2	72
1620	7	1080
1323	2	15
30	1	166
795	16	496
864	2	180
104	2	72
962	14	963
743	2	38
1138	2	36
612	8	641
1208	9	1288
801	2	36
1198	7	270
1731	2	8
1481	12	85
2042	2	8
1703	0	769
963	1	570
83	5	1353
277	1	570
1605	3	332
672	14	1253
17	6	2010
1154	3	1147
710	2	15
1453	2	180
881	2	72
1246	3	1247
108	2	74
1630	2	38
271	2	180
1132	6	918
1336	5	196
623	15	981
1695	2	74
1814	0	1230
1976	11	288
1348	10	670
383	15	860
630	1	1193
798	2	31
1643	5	499
1789	4	137
1129	2	180
328	3	329
640	2	36
1426	0	1427
203	2	8
979	2	31
1918	2	180
1382	4	449
659	5	414
1309	12	85
1690	2	38
1528	2	72
436	10	1293
709	2	8
925	7	1442
395	16	396
1664	3	1537
622	3	1584
1639	2	8
256	5	1059
1419	12	85
1670	2	38
1367	2	180
1628	4	652
223	16	1297
973	2	180
872	6	1943
1674	2	72
1537	14	698
1314	16	801
498	14	959
882	2	31
764	2	31
438	6	1593
1349	11	17
1450	12	85
1847	7	882
1542	3	1148
1181	2	72
767	2	180
1873	5	383
512	3	1167
1742	6	788
227	11	228
1121	2	31
1330	2	128
1535	10	1792
1526	9	1913
1051	7	564
445	0	1065
671	11	1253
2055	2	38
281	7	282
73	13	2002
208	2	36
1131	3	342
1172	2	72
110	7	963
479	1	1964
455	2	36
1800	5	1742
1962	16	1753
761	11	40
912	0	1130
641	0	708
290	2	180
1396	7	1174
371	6	809
993	2	8
524	14	525
1067	4	471
1874	4	389
637	6	1242
2025	0	1600
310	7	547
213	2	31
171	2	128
1733	2	15
486	2	180
701	0	1400
1249	2	180
1918	14	1174
703	2	36
926	7	155
562	2	72
1481	16	985
2041	4	40
1549	2	6
926	16	1464
479	6	1558
1588	13	1589
1035	4	179
1181	0	402
178	11	179
462	2	72
985	11	623
1450	7	698
964	2	6
235	2	180
662	7	188
1657	11	591
572	2	180
1855	5	953
1223	2	128
514	7	553
724	2	180
833	5	468
217	2	31
1177	2	15
380	3	381
1264	10	363
379	12	85
81	2	180
858	3	1359
603	2	8
1708	4	479
1774	2	15
105	7	106
1834	4	1136
1716	0	606
610	2	72
111	2	8
839	2	36
779	6	628
1380	2	36
1107	2	15
1084	12	85
777	1	308
1539	2	72
1806	16	1581
1659	12	85
480	9	1556
1016	1	868
1062	14	608
1913	4	1076
1976	2	36
102	4	386
916	2	36
800	15	1744
1566	2	128
1773	2	6
569	1	570
919	2	128
1889	2	128
248	2	31
1018	3	1577
1320	2	180
574	2	72
1269	2	6
593	2	128
664	7	1328
1986	2	15
1217	2	6
1464	2	36
2037	2	38
641	2	134
1347	2	128
1851	16	1602
1474	2	8
1637	2	6
1529	2	180
1550	11	1231
414	1	308
625	2	36
756	9	952
70	0	686
1404	9	1834
1334	0	1705
254	2	255
1487	16	721
1436	9	978
1008	2	6
509	1	1259
345	2	128
768	2	180
356	2	31
1304	2	6
336	2	180
1778	2	128
187	2	128
1467	14	467
780	2	6
906	2	36
280	16	761
77	2	36
317	0	318
741	9	742
452	7	453
406	14	700
764	6	967
1584	14	244
1915	12	85
249	2	72
1212	16	1468
475	3	1579
1069	2	128
1087	3	938
615	3	539
901	10	902
851	2	255
1407	2	6
1090	12	85
1543	7	76
528	14	1132
1591	16	861
1269	16	1194
90	0	1126
880	5	1002
341	6	173
1805	3	1529
1711	2	6
866	2	36
1550	2	36
1197	7	580
403	2	8
1421	2	180
458	16	384
546	12	85
1836	2	72
24	2	31
1367	14	248
269	2	72
149	3	1262
626	2	72
238	2	31
1263	11	1318
1873	2	72
304	2	6
1979	14	977
1998	4	522
1849	2	180
383	1	166
1013	14	148
1877	7	551
1060	2	8
132	2	31
1908	16	1864
620	2	180
387	2	36
269	5	488
1534	2	38
1429	2	15
243	12	85
726	7	288
304	12	85
1123	9	1124
872	2	31
1894	12	85
1417	5	790
879	2	36
297	2	72
612	2	180
1468	11	107
489	2	128
352	15	781
966	15	1235
631	2	6
434	14	218
580	2	31
1992	2	74
761	3	620
44	14	1076
847	2	6
1847	16	483
1384	4	426
897	2	180
1785	12	85
1512	4	1211
549	2	15
1709	2	72
653	7	569
928	2	72
711	7	947
2020	2	38
863	2	72
347	0	1411
448	16	264
1314	7	872
1523	9	2041
1401	2	6
1137	4	309
265	2	180
905	16	1810
931	6	457
285	14	286
648	2	6
1269	7	595
1411	2	180
638	11	468
1449	16	1483
616	0	1313
19	2	31
436	14	716
293	2	31
519	2	36
1092	0	350
1851	7	10
307	1	986
770	2	128
898	11	921
147	6	416
331	1	3
193	2	15
78	2	128
946	11	541
1276	2	15
1727	3	1139
1262	14	1098
381	10	135
592	11	47
748	5	569
1336	0	1225
1179	11	309
1676	11	1224
1458	2	38
543	2	6
455	11	520
287	2	31
463	2	31
97	15	1937
323	10	150
591	1	308
527	0	1578
1544	4	811
430	2	36
1373	0	1579
1004	9	1942
13	1	1832
1695	13	1268
1756	0	333
1543	12	85
1608	0	329
10	2	31
997	3	769
584	15	1432
625	11	426
666	12	85
453	1	166
962	10	41
242	11	637
1434	0	983
1007	3	1241
1956	4	977
923	6	1857
1062	2	180
1318	2	31
179	2	31
1819	11	374
1182	2	180
1624	7	116
209	14	503
411	2	31
1403	12	85
1807	2	128
1754	16	1692
30	2	31
366	2	180
1046	5	453
1884	2	38
1119	2	31
1040	10	1186
1974	3	1705
310	12	85
1403	2	6
53	1	570
478	11	313
1497	4	414
491	2	128
1221	0	1747
548	5	139
151	2	6
1393	2	15
26	7	27
1109	7	194
1096	2	180
112	5	371
1109	12	85
1345	2	15
1482	14	468
788	2	128
558	9	783
271	14	253
1460	1	986
267	11	80
739	2	8
975	2	180
1086	2	8
659	0	1348
711	2	6
268	12	85
201	2	128
473	17	174
1620	2	6
1687	2	15
2034	13	589
155	6	156
116	6	1663
624	5	444
1002	6	1807
863	0	1262
484	14	882
1025	9	1026
1925	9	1926
744	9	1932
1680	2	38
639	12	85
1190	3	221
903	10	1898
1006	2	180
1801	3	482
1309	2	6
1425	2	8
844	3	1411
619	2	72
583	12	85
394	9	1455
1509	0	1220
130	9	1166
371	15	1019
21	2	31
291	6	1083
1923	16	1718
1341	4	623
608	2	31
720	2	15
1447	2	36
1312	17	174
1289	16	1303
1537	10	1145
861	3	1237
941	4	159
1228	14	327
1210	0	1237
1823	16	435
1987	2	180
351	7	468
684	1	1457
700	2	31
1879	2	15
866	3	333
538	2	31
63	3	64
496	2	36
1759	2	74
84	2	6
1737	2	128
581	2	128
1752	2	128
1477	2	72
63	2	36
1300	3	755
1156	9	1456
1908	7	959
440	4	106
880	2	72
1326	9	1382
57	6	796
1575	14	499
1395	0	1205
1535	14	580
486	14	309
246	2	36
782	16	1358
1247	14	152
675	2	15
229	5	179
274	2	72
1491	16	365
689	17	198
1854	4	1157
542	1	432
670	2	8
46	4	1174
452	2	6
747	5	103
1262	2	180
1435	11	1207
95	12	85
869	5	882
286	2	31
936	12	85
543	7	588
2004	2	15
881	0	1167
341	2	31
211	14	463
761	2	36
430	11	725
1115	7	511
734	3	1427
350	14	800
612	10	1723
977	2	31
1213	7	700
1355	3	167
142	2	6
76	1	472
1753	3	434
186	1	3
110	2	6
850	2	134
304	16	1972
1314	2	6
1545	12	85
514	12	85
1027	12	85
1348	14	414
767	10	1370
809	17	810
960	12	85
302	3	825
158	12	85
450	2	36
167	2	180
1128	11	24
929	2	180
1652	11	188
1253	2	31
1665	3	1638
1121	6	1510
2	15	219
580	15	781
1590	2	72
1494	2	8
16	4	17
1754	2	6
309	1	1286
435	2	36
1682	2	180
518	3	1006
1492	2	72
1219	6	1155
272	2	31
1455	4	182
1433	8	1332
188	2	31
677	9	1345
426	1	432
1594	2	72
337	14	119
1313	2	180
704	9	1628
1152	2	72
299	2	36
1062	10	1063
1017	7	1253
98	10	99
484	2	180
1781	2	6
1190	2	36
49	5	50
1313	10	982
50	2	31
1979	2	180
1462	7	759
987	2	72
1216	3	336
137	2	31
871	4	872
290	8	1994
126	4	352
258	3	259
1420	2	6
557	14	61
1901	2	72
1948	2	38
493	3	1013
654	6	655
233	2	8
855	2	38
598	2	180
607	6	1410
594	2	31
1263	3	1728
1846	12	85
1583	2	36
620	14	40
551	1	432
4	1	1259
909	16	910
56	0	1147
507	2	31
1444	4	25
287	1	1989
1311	2	6
1781	12	85
954	4	688
1263	2	36
513	2	36
730	7	287
1819	2	36
1460	6	460
1585	16	1765
209	2	180
1619	2	180
994	2	180
1804	0	1333
1640	7	93
298	2	8
1600	14	1144
1342	2	38
724	14	277
1441	2	180
1244	10	1245
1159	2	6
410	9	710
1743	7	293
1266	2	6
311	2	6
668	15	1937
191	2	36
1135	2	180
982	2	8
535	2	36
1370	2	8
482	2	180
1830	2	128
687	0	1619
507	1	613
1081	4	325
420	2	6
735	7	307
494	1	432
1793	2	15
1572	4	2
709	9	126
822	2	6
1821	2	8
585	16	927
1654	2	36
33	2	72
1245	9	1544
502	4	288
1411	10	1169
1745	7	1144
1592	3	1473
1485	3	767
1194	11	595
1870	14	184
337	10	338
1916	2	180
1464	3	1150
1897	2	128
53	6	1278
1143	2	15
295	14	186
325	15	219
435	11	716
1308	2	38
1682	14	766
1483	11	488
1301	2	72
402	10	403
1250	2	36
573	12	85
955	2	134
182	15	1749
35	11	811
922	2	180
153	2	72
796	2	128
791	1	1706
1126	2	180
1524	9	1071
953	2	31
1129	14	24
69	4	248
316	2	31
1747	2	180
1471	2	6
1291	9	1969
1482	2	180
687	5	688
1460	2	31
1142	2	180
607	2	31
640	3	1441
1743	2	6
591	2	31
77	11	652
1174	6	919
1258	16	582
500	5	155
1889	17	1890
1421	14	637
1343	2	180
611	10	1476
1861	4	68
1418	2	15
559	2	72
1467	2	180
1962	12	85
183	16	1722
1530	2	72
522	2	31
601	10	744
530	2	6
602	6	1020
1669	2	72
1723	9	576
1162	3	1619
1491	7	950
405	14	122
556	0	1148
1443	9	1444
222	9	969
465	2	180
1417	2	72
738	2	180
14	2	15
285	10	1322
1593	2	128
1055	4	923
1338	11	602
567	2	180
651	14	520
397	7	356
1703	5	998
668	1	1286
769	14	998
1664	11	698
1267	4	594
133	18	1541
1132	15	138
728	2	36
771	4	293
1282	2	128
991	4	467
1159	16	840
814	0	815
1515	2	128
1140	2	15
1357	2	8
1064	2	36
1221	2	72
1777	5	21
1623	2	38
406	10	456
516	2	31
1816	2	128
1768	2	72
1547	2	15
413	2	8
997	2	36
68	2	31
1871	2	38
1618	2	8
1302	14	352
1420	7	509
1110	5	525
1017	12	85
4	15	1744
402	2	180
1043	2	15
227	2	36
812	2	128
1267	2	15
988	2	31
1424	8	1158
2002	2	255
1220	14	652
483	11	882
760	5	584
1462	16	1394
904	2	72
1459	2	128
234	0	572
1346	16	763
2006	2	38
900	2	31
1739	2	128
1817	7	630
1555	11	27
1034	9	1035
280	7	40
1991	2	38
1625	2	180
712	11	947
857	0	1013
1815	11	119
955	18	88
1760	7	179
1058	0	1075
1883	2	8
871	2	15
267	2	36
685	2	36
143	3	295
118	2	72
1101	0	1129
647	7	139
377	0	378
1222	12	85
1662	2	180
816	2	128
317	5	643
1543	16	75
1605	2	36
1312	2	128
52	2	15
1843	0	214
1040	14	1002
699	2	128
291	2	31
760	2	72
1007	11	798
441	2	36
1598	2	128
1169	9	1170
696	11	746
1085	2	15
697	2	8
339	2	72
1248	16	1827
486	8	487
252	11	141
1763	2	8
1875	2	128
1363	2	38
1442	1	432
1538	2	128
1585	2	6
13	6	1738
1462	2	6
955	0	87
1808	2	134
1479	2	72
477	15	138
1922	5	977
448	12	85
876	9	502
2056	2	38
281	2	6
702	6	1697
418	2	8
1722	3	240
1556	4	931
1039	2	72
1629	0	259
1177	4	428
1303	2	36
978	4	446
1336	2	72
1095	14	170
1107	4	900
382	6	1069
29	0	1992
1803	2	8
1505	12	85
57	2	31
194	6	1606
1528	0	1529
1687	4	334
336	10	1494
1299	3	323
435	3	436
97	6	816
1717	2	128
688	2	31
1125	7	21
755	14	953
1092	5	800
938	14	453
66	9	989
1475	7	1318
1912	14	1353
707	14	47
1049	0	862
1724	4	580
939	11	1076
845	2	180
1445	4	984
1638	14	103
1561	2	180
276	2	6
867	16	1665
1546	3	1741
1052	10	1053
1844	4	477
1118	3	1732
514	16	1485
458	2	6
332	2	180
55	2	8
711	16	712
1382	2	15
1006	14	303
1629	2	72
1641	0	895
1567	11	341
1893	7	438
836	5	509
9	12	85
1465	2	74
992	9	1984
1667	2	15
745	2	6
1030	2	15
1100	2	31
909	2	6
232	10	233
1574	7	1353
506	2	6
157	0	1693
44	10	1526
380	11	238
562	0	28
1106	3	1225
1972	2	36
43	0	44
7	9	1614
791	2	31
1231	2	31
1715	9	1029
1792	2	8
2011	2	15
1576	11	97
811	6	812
1198	16	1250
1959	4	1016
287	6	127
1968	5	1119
1147	10	1931
616	5	725
106	2	31
1741	14	1232
1714	4	287
1675	14	759
1571	2	6
511	6	689
977	6	1439
1167	2	180
722	14	53
354	2	31
1029	4	790
754	2	8
590	2	15
1397	2	6
726	16	1976
578	1	986
745	16	696
1405	2	72
1689	2	8
1661	5	668
716	2	31
1759	13	1104
33	5	34
1295	0	672
1486	9	1160
1338	2	36
1679	0	1182
1487	12	85
1214	2	15
634	2	15
798	15	219
1009	12	85
627	10	1522
266	12	85
1211	6	1305
670	9	1497
1352	5	428
1492	5	702
367	2	180
897	14	1442
426	6	1557
585	12	85
1929	2	128
1810	3	1072
1451	4	139
1391	2	15
1283	0	285
1389	2	8
183	7	241
595	1	986
1667	4	702
991	2	15
725	1	1209
940	13	1114
930	12	85
270	2	31
1274	3	1302
1754	7	999
266	16	267
89	4	791
1051	12	85
453	6	526
1769	2	15
1255	11	1376
1229	9	1774
1219	2	31
841	16	1007
1265	2	15
996	11	293
294	2	72
538	1	432
1864	11	959
481	2	72
666	16	1939
177	7	17
553	1	1259
195	12	85
987	5	779
1799	16	11
834	10	835
1406	2	72
207	2	180
609	5	325
2017	3	235
673	16	1576
733	12	85
23	2	6
742	4	32
853	12	85
1795	11	988
839	3	862
410	2	8
1188	3	1356
245	16	246
1805	2	36
367	10	1639
1317	0	1728
348	6	1761
540	7	86
650	0	1072
524	10	992
1439	2	128
1252	2	8
1860	11	961
146	3	738
419	2	36
331	2	31
467	1	3
1266	7	228
1285	2	128
1159	7	776
273	2	180
1095	2	180
1569	7	805
1791	2	6
1915	16	875
913	3	350
130	2	8
1993	2	15
1893	16	1666
1647	2	36
1092	2	72
1810	2	36
815	14	17
1337	9	1107
45	2	8
1316	7	291
1963	2	8
1359	2	180
1633	2	74
1394	3	1675
1846	7	4
1233	0	240
563	2	255
620	10	1523
787	2	128
115	16	1141
521	12	85
9	7	507
382	2	31
364	2	6
277	6	785
65	14	1024
542	2	31
1013	2	180
1299	2	36
1192	2	15
526	2	128
266	2	6
1934	2	72
122	6	1840
1047	11	984
1200	2	36
1893	2	6
665	5	106
56	2	72
1820	12	85
1130	2	180
468	2	31
1089	7	449
592	3	707
1211	1	308
797	2	6
24	15	1937
1817	2	6
1470	2	15
852	2	15
1325	5	1024
1703	2	72
1610	2	8
1264	2	180
2014	0	12
1729	2	74
663	2	31
1178	5	2
1116	11	511
124	2	8
1640	2	6
789	2	6
1325	0	65
1836	0	1595
618	6	1668
423	9	424
153	0	154
2000	2	6
805	2	31
429	0	232
541	6	1566
698	1	868
1969	2	15
1916	8	955
1045	2	180
239	15	1432
1428	2	36
964	16	208
131	5	132
375	5	376
1454	16	858
467	1	1366
984	6	1173
601	2	180
1635	9	1734
1164	2	8
1551	12	85
1611	4	383
1099	2	8
312	2	180
368	1	1259
1727	11	1100
1224	1	868
1361	16	1957
1383	9	1384
1613	0	1886
93	2	31
2000	7	417
213	1	868
515	7	516
583	16	885
547	2	31
1867	2	15
266	7	80
1166	2	15
1971	2	128
771	2	15
380	2	36
680	9	681
927	2	36
1798	2	36
1873	0	1441
734	2	36
598	14	746
1755	9	1214
1837	2	36
278	3	1747
149	11	1098
932	12	85
1379	11	900
278	11	307
832	9	1296
1545	7	1232
1258	12	85
857	5	148
1277	2	36
1718	3	1886
1319	2	8
1402	4	368
1216	11	547
1000	2	128
2033	2	15
474	7	165
303	1	432
1237	8	1103
383	1	570
1409	14	10
1307	17	174
1705	2	180
1190	11	569
566	2	15
1631	10	832
734	11	471
882	1	570
109	2	255
320	2	36
379	7	313
1668	2	128
1664	2	36
1527	7	57
2028	2	38
1176	2	6
573	2	6
1039	0	621
1012	2	180
923	2	31
374	2	31
1491	2	6
1038	3	1493
190	16	191
952	2	15
1844	2	15
1053	9	636
635	0	1918
714	5	97
723	10	1618
1801	2	36
1576	2	36
2004	4	953
239	1	166
88	4	872
966	2	31
1288	2	15
94	2	8
81	14	684
928	0	929
547	1	1193
768	10	1340
1812	2	38
908	4	19
426	2	31
206	5	76
1493	14	702
142	7	186
888	2	72
1391	4	374
1961	2	15
1359	14	389
1584	2	180
1196	2	72
1958	2	36
1869	10	321
1496	2	36
1836	5	32
1708	2	15
535	11	536
1089	2	6
718	2	6
969	2	15
731	2	180
809	2	128
1345	4	531
1324	2	72
197	2	128
1641	5	287
1227	2	15
937	2	128
555	2	36
894	2	128
126	2	15
343	9	1043
1407	16	804
530	12	85
1892	4	594
1119	6	1306
1942	2	15
277	2	31
1498	16	535
1495	4	547
407	11	1144
223	2	6
1833	2	8
733	7	471
564	1	308
1481	7	623
1167	14	446
1379	3	392
1658	2	180
541	2	31
691	9	1227
162	10	163
1153	0	486
1791	16	1681
233	9	1775
609	0	690
482	14	13
1012	10	39
1128	3	1129
1307	2	128
420	16	1423
485	5	426
1967	3	1912
1601	2	180
1694	0	1876
842	5	30
381	14	238
379	2	6
576	4	541
1335	2	8
867	7	103
404	3	405
961	6	1889
195	7	196
836	0	1372
1692	11	999
1746	10	876
1202	7	477
392	14	900
800	6	581
303	6	1831
1974	11	806
1073	2	8
212	4	213
145	2	15
724	10	1672
1746	2	180
815	2	180
1371	2	15
475	11	165
590	4	591
379	16	478
1093	4	1080
388	2	180
1885	2	38
157	5	595
1855	2	72
1103	2	134
1253	6	1897
95	7	1224
884	2	8
1084	16	844
885	11	327
1643	2	72
1438	2	8
1332	0	828
1128	2	36
5	2	6
700	1	986
2033	4	608
359	2	36
362	14	101
1745	12	85
779	2	31
497	5	327
925	16	513
1574	12	85
354	6	887
81	10	82
1659	2	6
1377	2	8
96	0	1367
688	6	593
635	5	1174
1615	16	283
938	2	180
284	14	272
503	15	1744
2039	2	38
1903	2	15
80	1	570
1171	5	1088
878	0	856
1907	9	2011
684	6	1751
2003	2	38
1970	2	128
960	16	1860
1575	2	180
1402	2	15
814	2	72
895	10	750
2029	2	36
1051	2	6
239	6	1778
2001	14	578
476	2	128
495	0	209
1722	2	36
858	11	389
1973	7	977
1732	10	306
729	3	2001
343	2	8
778	2	6
1202	12	85
968	2	15
1838	7	225
374	6	1597
906	3	232
595	6	1688
304	7	607
1168	4	779
1387	5	324
218	1	570
999	6	1000
509	6	1437
1526	2	8
1207	2	31
67	5	68
1954	2	180
569	2	31
1144	6	1307
168	2	8
452	16	1087
557	2	180
1599	5	10
170	1	868
1381	16	146
283	2	36
1609	2	38
1483	3	1134
400	5	93
105	2	6
1093	2	255
838	12	85
1552	12	85
599	2	8
96	5	248
1968	0	1732
463	1	934
1595	14	32
63	11	239
1088	2	31
1368	5	872
1219	1	570
1016	2	31
1516	4	1442
1316	2	6
1494	9	1495
1567	2	36
270	6	1953
1601	14	988
577	7	253
1896	2	38
778	12	85
1230	10	1635
586	7	386
147	1	432
1316	12	85
675	4	676
825	10	826
50	6	78
352	2	31
1934	5	551
1351	12	85
1626	9	1945
404	11	122
622	2	36
1645	11	525
1792	9	1724
1877	2	6
637	1	3
409	2	180
1116	3	845
329	14	116
684	1	432
445	2	72
636	2	15
1191	2	128
141	6	372
190	7	279
1440	11	509
214	10	870
1845	2	72
539	8	1808
847	7	459
154	14	228
506	16	1782
875	3	753
177	2	6
849	7	426
131	2	72
223	7	643
1877	12	85
661	2	72
1548	7	220
331	6	1917
1091	4	1742
719	5	382
1243	4	1231
501	5	578
484	10	1921
427	2	128
944	2	74
190	12	85
749	16	149
1711	16	430
16	2	15
995	7	956
877	5	147
1046	2	72
1478	2	8
632	11	32
483	2	36
1673	2	15
1157	6	1195
595	2	31
1591	7	1211
873	2	6
1666	3	606
374	1	613
849	16	625
1103	18	1104
631	16	632
1561	14	291
116	1	2038
695	17	174
1514	4	261
703	3	175
1290	10	1291
1463	2	6
925	12	85
40	2	31
1031	16	1550
1137	2	15
989	2	15
1443	2	8
1846	16	1131
895	14	287
164	2	38
806	6	1596
1280	4	882
1260	2	6
218	2	31
1183	0	753
1084	7	348
436	2	180
1120	0	1290
1200	11	791
1401	12	85
841	2	6
1293	2	8
263	2	128
1750	3	1062
708	2	74
985	2	36
185	9	1371
1413	9	1956
1361	12	85
1302	2	180
1927	2	38
377	5	813
623	6	1515
103	2	31
1736	5	61
1215	9	431
889	2	72
1973	2	6
1456	4	21
856	2	180
202	2	72
246	3	1367
258	2	36
916	3	1561
790	15	1235
1556	2	15
1820	7	652
1244	2	180
1407	7	777
1881	2	38
1955	2	128
364	7	467
554	2	8
1596	2	128
573	7	1132
441	3	895
1447	11	618
1175	3	1290
700	6	1622
1413	2	8
900	6	1910
950	1	613
1013	10	1852
956	6	859
339	5	386
1423	11	25
60	3	557
807	2	8
1332	2	134
1077	2	72
803	2	180
437	6	945
1642	2	38
203	9	204
1852	9	720
2014	2	72
883	0	1588
346	2	255
2001	2	180
28	2	180
774	2	72
659	2	72
1519	9	1520
1427	2	180
312	14	313
1171	0	864
25	1	2050
1066	9	1067
806	2	31
597	2	8
775	3	1126
1962	2	6
145	4	117
1064	11	220
600	11	449
193	4	194
1017	2	6
1804	2	72
1018	11	428
862	14	369
1579	14	165
1442	2	31
776	6	1752
1022	2	128
1321	2	8
53	2	31
407	3	1600
556	5	217
1166	4	438
666	2	6
1146	4	698
511	2	31
389	6	390
216	16	1542
588	6	784
882	6	1234
1378	4	303
45	9	46
1766	0	970
442	2	8
1141	3	1682
127	2	128
1002	2	31
1446	16	1592
927	3	1348
316	6	1970
278	2	36
115	12	85
428	1	934
2043	2	38
750	9	1714
518	11	303
1158	2	134
140	10	1883
82	2	8
582	11	411
783	2	15
1823	12	85
1409	10	1907
578	2	31
1624	2	6
205	2	72
1452	2	15
814	5	17
1084	2	6
1825	9	1564
396	3	273
83	2	72
52	4	53
960	2	6
1841	2	38
1931	2	8
289	11	386
2009	4	1219
568	9	89
1115	16	1116
1766	5	961
300	2	72
1387	2	72
490	16	592
1824	2	8
1423	3	1130
624	2	72
782	2	6
651	2	180
1399	11	159
1660	7	988
225	2	31
1222	7	1119
729	2	36
1369	2	15
1947	11	282
133	2	134
914	2	72
1719	0	1139
786	2	15
58	5	59
902	2	8
750	2	8
1559	5	277
902	9	1986
1491	12	85
661	0	768
1070	2	72
1677	2	6
794	2	15
1800	2	72
250	5	437
1203	2	36
1052	2	180
1994	2	134
1953	2	128
43	2	72
1637	16	455
1795	2	36
451	14	356
1298	0	837
515	2	6
98	14	417
1935	5	811
383	2	31
125	2	128
1199	2	6
1074	2	36
1916	14	872
1552	16	1583
1993	4	963
799	16	965
1969	4	1121
1237	10	1511
216	7	217
624	0	1433
1866	12	85
813	2	31
797	12	85
256	2	72
1862	4	746
324	2	31
1005	5	303
1301	5	352
450	11	356
1652	3	901
829	0	64
780	12	85
429	2	72
568	2	8
1564	2	15
317	2	72
847	12	85
113	2	180
2015	2	38
1696	2	8
1213	2	6
1590	5	272
268	2	6
909	7	371
232	2	180
1205	10	94
759	1	1259
167	10	168
50	1	868
879	3	65
1876	2	180
696	3	598
905	12	85
99	2	8
371	2	31
905	7	1016
1587	2	15
730	12	85
662	2	6
433	4	270
1454	12	85
799	2	6
1981	2	128
1240	0	1241
1644	7	1100
898	3	899
1264	14	1224
1027	2	6
1611	2	15
1224	2	31
1386	11	106
322	4	630
1205	14	536
1157	1	1209
1003	11	129
874	2	6
1856	10	1319
729	11	578
275	14	931
604	4	1098
101	2	31
1025	2	8
351	16	638
935	2	15
202	5	467
1310	2	128
874	16	1255
544	11	588
610	0	611
601	14	602
1895	9	1140
248	6	1122
1217	12	85
516	1	1941
1683	4	607
340	2	6
152	6	1949
421	0	539
730	16	441
649	2	36
1350	2	38
1721	2	36
1863	2	128
567	14	791
119	2	31
757	17	174
1419	16	1138
319	2	6
1008	12	85
1772	2	36
1119	15	415
1042	2	36
1404	2	8
1614	2	15
1454	7	389
877	0	738
1361	2	6
1589	2	255
1914	2	38
1527	16	1154
185	2	8
449	2	31
249	5	1207
424	4	947
1078	2	6
1192	4	93
1947	3	762
588	2	31
2046	2	38
1868	5	984
1972	3	54
1138	11	68
627	2	180
275	10	480
1911	7	953
725	1	613
995	12	85
136	12	85
758	9	1516
384	3	627
1037	2	8
1214	4	116
2031	2	38
253	2	31
1248	7	316
428	15	415
785	2	128
1795	3	1601
21	1	1980
1090	2	6
152	15	1508
1150	2	180
1547	4	459
1183	5	236
1123	2	8
582	3	123
886	2	8
988	6	1757
1647	3	537
494	2	31
58	2	72
1127	9	1327
1573	9	16
669	16	1274
936	16	1647
1038	2	36
1502	2	180
155	15	1432
1711	7	725
297	5	618
1448	7	602
827	2	38
1781	7	676
683	9	1880
121	0	405
1408	2	38
307	2	31
478	2	36
1504	0	1684
1024	2	31
141	2	31
571	11	522
1271	13	1653
765	5	766
1416	2	15
477	1	3
1422	2	128
554	9	941
1657	3	1658
1077	0	922
1656	2	15
828	2	74
1445	2	15
64	14	239
280	12	85
1149	2	8
714	0	1565
1952	12	85
1466	14	999
1009	7	101
1436	2	8
1784	2	38
944	13	920
1603	2	128
360	16	1645
1857	2	128
1860	2	36
434	2	180
1522	2	8
1597	2	128
459	1	308
2	1	3
950	6	1999
1097	0	367
1405	5	389
1805	11	213
1482	10	1279
1763	9	1879
1735	2	128
535	3	1205
940	2	74
914	0	1466
2048	2	38
896	0	897
464	2	36
1020	2	128
1856	14	316
377	2	72
1110	2	72
1229	2	8
220	6	1459
425	2	128
1631	2	180
1755	2	8
1666	2	36
195	16	1106
1675	2	180
1072	2	180
730	2	6
11	2	36
1672	9	1793
1268	4	80
853	16	1798
1489	2	15
599	9	1862
655	2	128
1702	2	128
250	0	251
1882	2	72
221	14	569
551	1	1770
833	2	72
1113	2	15
245	7	248
544	2	36
1754	12	85
1351	7	608
854	0	731
509	2	31
746	6	1521
1183	2	72
1466	2	180
1355	2	36
1572	2	15
630	15	1966
815	8	1794
351	12	85
875	11	236
682	2	36
1178	2	72
306	9	215
1570	2	128
1157	2	31
1866	2	6
404	2	36
1498	12	85
1155	2	128
372	2	128
1204	2	36
335	5	547
368	6	892
1797	2	128
927	11	414
587	6	1603
454	2	6
93	15	1835
1365	3	406
1901	5	4
512	2	36
1199	12	85
1677	16	210
18	2	72
808	9	1192
828	13	443
1595	2	180
1849	14	107
307	15	1835
121	2	72
300	5	608
1039	5	654
349	4	385
630	2	31
1212	12	85
499	6	197
169	2	6
1607	0	901
537	14	538
1612	2	38
1846	2	6
580	1	166
495	5	503
1638	2	180
1513	2	8
1870	2	180
103	1	166
1949	2	128
1853	2	8
1425	9	1547
1210	2	72
1143	4	520
1197	2	6
1236	5	602
1376	2	31
1809	2	6
691	2	8
933	2	38
1886	2	180
1132	2	31
1540	10	677
2044	2	38
129	1	986
1550	3	412
1694	2	72
942	2	72
1405	0	1359
767	8	1725
447	2	128
1480	2	15
1406	0	722
375	0	1646
1939	2	36
685	11	805
610	5	764
942	5	542
965	3	731
290	14	386
863	5	1098
29	2	134
352	6	1312
232	14	507
640	11	383
726	2	6
653	2	6
1400	10	554
41	2	8
1618	9	908
1568	2	72
1376	1	3
1988	2	38
28	14	805
790	6	1033
462	5	463
1809	7	984
1309	7	663
1072	14	1016
881	5	446
1942	4	1080
1590	0	284
633	2	36
1635	2	8
777	15	1508
141	1	469
824	2	8
158	2	6
123	10	124
1270	2	72
679	2	72
1975	2	72
1720	2	180
1705	14	806
261	6	1764
524	2	180
1144	1	2005
1260	16	1605
597	9	1844
588	15	1508
371	1	613
1328	6	1329
494	6	355
215	2	15
1724	2	15
1848	3	1625
577	2	6
295	2	180
1506	2	128
957	7	813
603	9	604
862	2	180
92	8	883
1769	4	236
584	6	1238
1201	2	72
392	2	180
1973	12	85
192	7	331
456	9	62
1504	5	117
611	14	764
1960	9	1788
1392	9	1393
795	2	6
762	2	180
70	18	1093
1194	2	36
1430	2	180
915	16	1974
536	6	263
1188	11	1328
1621	3	1453
2034	2	74
29	18	346
1501	2	38
1771	2	8
531	6	1982
1901	0	342
1767	3	528
402	14	594
151	7	152
361	2	36
1700	2	8
1615	7	272
1429	4	766
1679	5	587
960	7	961
1599	2	72
1409	2	180
671	2	36
474	16	475
1111	2	72
1176	12	85
360	12	85
262	2	74
1283	5	286
648	7	444
1449	7	488
1651	9	1445
1785	7	382
1562	5	1232
104	0	1662
1160	2	15
259	14	194
1859	4	141
1904	4	1224
279	2	31
399	1	432
2045	2	38
560	2	8
448	2	6
1357	9	1673
957	16	1654
727	16	242
911	9	1518
1303	11	286
54	10	55
1760	16	178
1615	12	85
1179	3	486
1175	11	1121
101	6	1563
1428	11	494
600	2	36
1226	2	128
654	2	31
645	9	1451
1766	2	72
1633	13	254
575	9	1185
1237	14	1211
247	0	762
1756	5	334
1236	0	601
228	1	1281
836	2	72
931	2	31
631	7	32
1728	2	180
325	6	393
465	14	139
225	1	166
561	2	6
1118	2	36
673	12	85
136	7	790
880	0	1040
854	2	72
32	6	1239
754	9	1769
1904	2	15
833	0	1482
840	11	776
1854	2	15
1052	14	494
990	2	8
1477	0	406
714	2	72
1329	2	128
763	2	36
401	9	1429
1278	2	128
1488	2	15
1339	3	706
420	12	85
525	6	694
183	12	85
598	10	599
1487	2	6
1952	2	6
176	9	1168
1742	1	570
64	2	180
1105	2	38
1117	5	676
1521	2	128
681	2	15
1075	10	1900
1260	7	30
1272	2	72
384	11	385
4	6	1933
339	0	290
672	2	180
1765	2	36
1412	2	128
1916	10	886
1266	12	85
1511	9	1512
1552	2	6
992	2	8
888	5	494
859	2	128
221	2	180
1507	5	479
2009	2	15
1827	11	316
849	2	6
994	14	132
1053	2	8
1454	2	6
1649	2	180
735	2	6
1997	2	38
1201	0	436
1645	3	524
234	5	522
348	2	31
1962	7	218
1910	2	128
154	2	180
1383	2	8
1362	2	8
943	0	944
727	2	6
102	2	15
1145	2	8
22	2	128
504	11	21
1410	17	198
929	14	516
753	2	180
1398	2	180
1159	12	85
705	0	706
1674	0	1264
905	2	6
1621	11	1080
575	2	8
1133	2	36
949	2	15
945	2	128
2019	2	38
2029	3	1646
1801	11	13
668	2	31
181	7	182
366	10	1389
1934	0	1502
1818	2	6
1891	2	72
360	2	6
1094	2	72
1049	5	369
1314	12	85
865	2	8
1373	2	72
851	4	531
1112	2	8
1420	12	85
18	5	19
722	10	884
543	16	544
83	0	1912
96	2	72
1300	11	953
61	6	757
246	11	248
1967	2	36
283	11	272
276	12	85
995	16	419
749	12	85
1239	2	128
114	4	417
199	0	200
1565	14	97
389	2	31
1862	2	15
92	2	180
433	2	15
1580	14	668
336	14	547
1426	2	72
490	12	85
1277	3	1095
601	8	943
119	6	1032
617	2	36
1104	2	255
915	12	85
270	1	1209
1089	12	85
1124	4	564
561	16	1299
1793	4	277
873	16	2029
1275	2	38
1304	7	61
893	0	845
869	0	484
2	6	1023
1892	2	15
1274	11	352
122	1	934
1144	2	31
315	4	1232
1607	2	72
791	1	1193
1730	4	716
968	4	463
985	3	768
1527	12	85
811	2	31
1065	2	180
95	16	1676
1135	14	1136
1567	3	1578
358	12	85
1343	10	1383
1779	2	72
1741	10	314
1111	5	218
1007	2	36
262	13	1541
907	9	1740
1279	9	1480
1496	11	1002
1843	2	72
1658	14	591
502	2	15
477	2	31
1026	2	15
606	14	438
239	2	31
1050	18	1114
773	16	729
1078	12	85
550	2	6
71	0	1424
1241	2	180
192	12	85
1713	9	14
864	10	865
1122	2	128
378	2	180
1154	2	36
1	2	74
59	1	570
1130	14	25
178	2	36
311	7	1024
1153	2	72
421	5	261
1411	14	348
998	6	1041
1621	2	36
1678	2	8
1448	12	85
964	12	85
835	2	8
853	7	531
245	2	6
329	2	180
1561	10	1208
1648	0	1649
1581	11	1088
1327	4	618
645	2	8
1199	7	791
7	2	8
1066	2	8
1455	2	15
799	12	85
1625	10	185
2013	2	38
1028	11	59
298	9	1961
861	2	36
1186	9	1276
1559	0	724
1646	14	376
332	14	30
385	6	473
1468	3	1849
1653	2	255
1758	2	8
115	7	766
539	10	1636
451	2	180
778	16	703
884	9	52
537	10	1824
1775	4	507
1044	3	1045
1748	16	1657
924	3	1535
682	11	277
608	1	432
168	9	1091
59	2	31
1146	2	15
1206	2	180
220	15	1235
1565	2	180
1277	11	170
1374	2	15
2051	2	38
1247	2	180
1500	2	72
1822	5	1136
1378	2	15
1497	2	15
1322	9	1323
1973	16	1996
1586	2	36
928	5	516
2030	2	38
1327	2	15
1823	7	716
27	6	1829
638	3	1482
1124	2	15
1660	2	6
2022	2	38
196	2	31
522	6	1797
2016	2	38
510	4	511
800	2	31
1468	2	36
801	3	1916
1001	16	1496
861	11	1211
1545	16	1546
67	2	72
91	2	31
1424	2	180
194	1	3
1864	2	36
2018	2	38
1346	7	764
40	1	1899
753	14	236
327	2	31
1626	2	8
1936	2	72
497	2	72
107	2	31
228	2	31
510	2	15
1158	18	109
969	4	569
5	12	85
1453	10	1004
12	14	1460
823	0	235
1540	2	180
458	12	85
170	2	31
1913	2	15
1071	2	15
1292	2	128
65	2	180
1845	5	588
1416	4	316
738	14	147
1726	4	553
592	2	36
562	5	805
1571	12	85
60	2	36
1153	5	309
713	2	6
573	16	1767
893	5	511
662	12	85
273	10	2012
487	0	1271
823	2	72
1853	9	1854
224	2	255
641	18	642
745	7	746
1785	2	6
1939	3	1320
1049	2	72
1078	7	141
1519	2	8
1698	2	8
1367	10	1698
1688	2	128
829	2	72
1681	3	994
1352	0	1577
1498	7	536
1580	10	203
1938	2	38
1794	2	134
406	2	180
2012	2	8
25	2	31
1762	13	851
150	2	8
1331	2	6
792	4	86
1842	2	128
495	2	72
84	16	615
1581	2	36
943	2	134
237	12	85
313	2	31
459	2	31
748	2	72
228	6	1285
1558	2	128
55	9	1683
1757	2	128
619	0	620
330	2	15
1472	16	1815
725	2	31
1157	1	1259
1803	9	1861
230	2	180
1011	3	1012
1821	9	102
633	3	723
1843	5	279
1174	2	31
1304	16	60
661	5	623
1163	0	1633
1886	14	1157
856	10	817
749	7	1098
1227	4	325
648	12	85
1300	2	36
1401	7	122
1679	2	72
1850	2	128
1298	2	72
559	5	399
1132	1	613
243	16	622
408	0	409
162	14	663
281	12	85
693	0	1561
1024	6	508
1868	2	72
1364	2	15
1777	0	505
1368	2	72
1231	1	1193
356	6	545
843	9	1572
1400	14	159
947	6	948
1311	7	354
817	2	8
1333	2	180
257	2	180
237	7	238
818	2	36
1031	12	85
231	2	128
1952	16	1428
616	2	72
897	10	758
177	12	85
1352	2	72
148	6	820
492	12	85
1684	2	180
1187	2	38
621	10	911
1928	2	15
1855	0	755
487	2	134
1990	2	8
259	10	1604
742	2	15
1684	10	144
1791	7	132
961	1	1905
1722	11	241
1529	14	213
1520	2	15
315	2	15
1806	2	6
531	2	31
1087	2	36
1380	3	1684
733	2	6
1204	11	790
1375	9	1177
971	9	1554
103	6	425
921	2	31
658	17	198
264	3	265
1156	2	8
763	3	611
1403	16	1277
1266	16	227
737	2	15
170	6	171
1638	10	1061
727	7	637
1265	4	684
1135	10	1404
692	2	38
136	16	1204
1579	2	180
86	6	201
644	2	128
892	2	128
1338	3	601
618	2	31
5	16	997
364	12	85
1998	2	15
97	2	31
106	6	1737
579	2	38
751	11	253
1716	2	72
930	2	6
361	3	362
1234	2	128
1450	16	1664
1165	2	6
475	2	36
889	0	1537
454	16	1380
1321	9	1708
503	2	31
500	0	1150
553	2	31
890	2	72
537	2	180
1180	2	72
918	17	810
1289	7	286
498	2	180
113	14	371
1448	2	6
1216	2	36
240	2	180
1339	2	36
703	11	779
899	2	180
953	6	1929
1652	2	36
520	6	1330
1865	2	15
1933	2	128
1608	2	72
1548	12	85
772	2	128
1374	4	411
1293	9	1730
144	2	8
939	2	36
1365	11	700
1818	12	85
1520	4	921
477	6	1256
56	5	57
1738	2	128
890	0	1261
1320	10	1321
1036	2	72
1427	10	1066
1398	14	59
1546	2	36
422	2	128
1431	18	1268
350	2	180
975	10	1127
1956	2	15
1728	14	1318
1869	2	180
84	12	85
864	14	1088
967	2	128
1051	16	1044
1595	10	741
685	3	28
408	2	72
777	2	31
774	5	225
995	2	6
642	2	255
758	2	8
1753	2	36
275	2	180
908	2	15
1225	2	180
1725	2	134
1747	14	307
398	2	6
819	2	31
471	6	772
1388	4	119
1340	2	8
1397	16	775
745	12	85
1994	0	73
608	6	1490
567	10	568
1586	11	1136
635	2	72
959	1	3
9	16	906
61	2	31
1024	1	570
398	7	399
1261	2	180
625	3	1343
95	2	6
932	16	63
1437	2	128
1171	2	72
1108	2	128
20	0	1096
448	7	368
1651	2	8
1751	2	128
669	2	6
268	7	800
1071	4	578
520	1	868
606	2	180
1083	2	128
392	10	1337
1318	1	3
1395	2	72
1496	3	1040
1646	2	180
1012	14	382
1484	2	38
347	5	348
486	10	1164
1034	2	8
1947	2	36
723	14	19
662	16	1652
225	6	1671
418	9	226
490	7	47
1075	14	354
1207	6	1570
1251	10	1715
1337	2	8
282	1	308
226	2	15
1796	11	668
1113	4	244
1764	2	128
356	1	3
915	7	806
673	7	97
1315	2	36
1341	2	15
1634	2	128
368	2	31
1935	2	72
1553	3	1333
1574	2	6
660	9	1470
1451	2	15
984	2	31
327	1	868
230	14	179
1149	9	1418
748	0	221
970	2	180
1510	2	128
323	2	180
319	16	320
1088	1	432
1509	2	72
496	11	931
207	14	76
874	7	1376
712	2	36
464	11	139
1906	4	91
1776	4	776
136	2	6
1221	5	307
100	0	362
684	2	31
243	2	6
369	2	31
301	12	85
1125	2	6
1982	2	128
956	2	31
179	6	1842
288	2	31
891	2	128
755	10	756
1922	0	1979
1930	2	38
259	2	180
1202	2	6
419	3	1876
718	7	334
621	14	654
678	2	38
1591	12	85
143	2	36
1136	1	432
1987	14	106
165	2	31
718	12	85
299	3	162
1250	3	1649
1172	0	381
653	12	85
226	4	551
1257	0	1421
1038	11	702
1610	9	1611
572	14	522
1767	11	1132
649	3	1433
615	2	36
497	0	1228
1714	2	15
1637	12	85
449	15	1749
746	2	31
303	2	31
1126	14	91
1064	3	1065
335	2	72
1070	5	630
813	6	1816
1475	16	1263
604	2	15
957	2	6
1798	3	1540
1485	2	36
1136	2	31
690	10	691
959	2	31
1044	11	564
1900	9	353
1560	0	1601
1557	2	128
1555	3	1096
123	14	411
839	11	369
110	12	85
244	2	31
358	7	979
638	2	36
1245	2	8
311	16	879
144	9	145
467	6	917
1478	9	549
1602	2	36
1954	14	1207
443	2	255
1866	16	518
1957	2	36
901	14	188
294	5	186
874	12	85
898	2	36
1079	11	331
1736	2	72
175	10	176
1761	2	128
753	10	754
437	2	31
1783	2	128
602	2	31
1319	9	1416
428	2	31
11	11	1460
1782	11	1059
1796	3	1580
175	2	180
2042	9	590
1692	3	1466
82	9	1265
504	2	36
1779	0	537
1316	16	916
647	2	6
311	12	85
1952	7	494
948	2	128
533	4	1144
177	16	1349
1639	9	1587
1781	16	802
206	0	207
1322	2	8
1100	1	2021
1866	7	303
802	2	36
1317	5	1318
813	15	219
571	3	572
1535	2	180
1996	3	1979
27	1	432
694	2	128
2049	2	38
1358	2	36
1446	12	85
154	10	111
1726	2	255
671	3	672
1965	2	38
676	6	1108
664	2	6
1951	2	128
1241	14	798
1631	14	542
1692	2	36
710	4	107
850	18	851
1469	2	128
794	4	170
879	11	1024
210	2	36
612	14	541
1152	0	834
1230	2	180
302	11	50
548	2	72
67	0	1249
1261	14	477
815	10	1573
1435	3	1954
1729	13	1726
300	0	1062
88	2	255
716	1	432
221	10	222
1389	9	949
1936	5	107
818	11	819
1046	0	938
695	2	128
1586	3	1135
804	11	777
186	2	31
546	7	437
1537	2	180
1648	5	270
381	2	180
723	2	180
414	2	31
258	11	194
62	2	15
1527	2	6
1906	2	15
179	1	166
795	7	931
1849	10	410
596	2	128
1564	4	488
513	3	897
1097	5	819
893	2	72
1326	2	8
1542	11	217
1098	6	1978
1979	10	1413
223	12	85
25	6	605
1796	2	36
1261	10	597
954	2	15
1644	12	85
314	9	315
1845	0	1206
1200	3	567
1536	4	13
1147	2	180
997	11	998
412	2	180
551	2	31
1921	9	1280
75	3	207
843	2	8
346	4	805
1507	2	72
110	16	1958
183	2	6
1483	2	36
717	2	128
1874	2	15
549	4	444
550	16	617
705	5	182
561	7	324
719	2	72
430	3	1313
69	2	15
818	3	367
971	2	8
1499	2	15
1015	5	288
569	6	231
580	6	1161
14	4	97
1840	2	128
656	2	134
1120	2	72
1745	16	407
285	2	180
1552	7	923
759	15	138
1424	10	1425
1080	6	160
800	1	3
942	0	1631
1304	12	85
712	3	1662
920	4	602
536	2	31
65	10	66
1243	2	15
1430	10	843
1820	2	6
1694	5	956
252	2	36
1522	9	349
1481	2	6
282	15	415
1747	10	1895
294	0	295
1073	9	1959
325	2	31
1068	4	30
1061	2	8
1773	16	1162
1594	5	1231
627	14	385
1615	2	6
1098	2	31
676	2	31
1518	4	654
1750	2	36
1449	2	6
1716	5	438
1479	0	567
1090	7	309
574	5	663
1462	12	85
1789	2	15
846	2	74
1255	2	36
806	1	432
80	6	891
1839	2	38
133	0	262
1743	12	85
1573	2	8
100	5	101
1683	2	15
546	2	6
1028	3	1398
1168	2	15
122	2	31
822	7	654
669	12	85
1074	3	1075
619	5	40
559	0	1625
335	0	336
538	6	1223
1165	12	85
1876	14	956
1588	2	74
407	2	36
1213	16	1365
921	1	472
1387	0	323
835	9	1499
910	11	371
523	0	54
222	2	8
1549	7	1121
1600	10	532
444	2	31
701	2	72
1662	10	423
1743	16	996
159	6	1385
513	11	1442
888	0	1052
457	2	128
4	2	31
1665	11	103
1589	4	93
158	7	159
1632	9	440
1198	2	6
1296	2	15
658	2	128
1824	9	566
9	2	6
850	0	1762
288	6	1354
386	6	1582
205	0	612
1433	2	180
1055	2	15
755	2	180
413	9	1243
10	1	1193
366	14	950
105	16	1386
342	2	180
628	2	128
706	2	180
12	10	298
1339	11	182
1488	4	57
1299	11	324
1847	2	6
1145	9	1146
302	2	36
1353	2	31
1185	2	15
769	10	1392
1923	7	1157
1358	11	184
1638	8	133
289	3	290
1464	11	155
1539	0	1540
1415	5	553
238	6	770
142	16	143
883	18	1589
351	2	6
1233	5	241
149	2	36
1940	2	128
790	1	308
1211	2	31
614	2	8
977	1	166
1943	2	128
589	4	17
965	2	36
26	2	6
157	2	72
1360	2	128
895	2	180
983	2	180
1198	12	85
1837	11	1174
1109	2	6
1658	10	2042
1048	14	984
846	13	1514
2047	2	38
0	0	1
952	4	953
449	6	1735
1958	11	963
1074	11	354
973	14	34
1294	9	954
1355	11	1742
444	6	732
163	9	1364
1044	2	36
411	6	1710
732	2	128
1379	2	36
357	7	618
1551	7	1219
446	2	31
37	2	38
1009	2	6
1005	0	1006
1827	3	1856
1673	4	1328
192	2	6
264	11	368
1982	17	2036
822	16	1685
826	2	8
1088	1	1457
1115	12	85
650	5	1016
373	0	1465
90	5	91
939	3	44
261	2	31
76	2	31
192	16	1079
1210	5	1211
1284	7	900
455	3	651
1369	4	382
297	0	975
918	2	128
1968	2	72
1551	16	1553
194	2	31
471	2	31
104	5	947
310	2	6
1313	14	725
1076	1	3
949	4	950
963	2	31
116	2	31
553	6	1506
1485	11	553
485	2	72
249	0	1954
1718	11	1157
1303	3	285
1741	2	180
1151	9	212
1649	10	1758
1147	14	57
1528	5	213
220	2	31
870	2	8
120	2	38
73	2	74
1041	2	128
333	14	334
1666	11	438
1001	2	6
323	14	324
704	2	8
54	2	180
274	5	931
394	2	8
698	2	31
769	2	180
1831	2	128
1373	5	165
779	1	432
1887	2	38
48	2	6
1232	1	1920
1089	16	600
681	4	1059
1126	10	993
1090	16	1179
1324	5	313
789	16	35
1115	2	6
506	7	1059
891	17	1786
1372	14	509
1574	16	1967
49	0	825
204	2	15
461	2	38
260	0	1658
1704	2	128
585	7	414
922	14	923
200	14	979
23	7	24
1001	7	1002
1932	2	15
191	11	279
140	8	0
834	2	180
131	0	994
1127	2	8
1926	4	1207
350	10	660
344	0	271
1390	2	8
92	14	93
707	10	907
903	2	180
1289	2	6
1560	5	988
176	2	8
247	2	72
39	2	8
1809	12	85
530	16	302
686	2	74
1349	2	36
1095	10	1689
1032	2	128
1661	2	72
631	12	85
24	6	1598
738	10	7
1699	2	128
1005	2	72
1858	2	128
1818	7	374
1003	2	36
1487	7	53
798	1	3
229	0	230
48	16	1435
539	2	180
504	3	505
807	9	1687
1311	12	85
1620	16	1621
373	2	134
840	3	983
1016	6	1189
482	10	1678
1775	2	15
71	2	72
1015	0	1746
759	2	31
1057	2	128
752	5	950
1182	10	1099
437	1	570
1880	2	15
1318	6	937
646	2	72
1433	14	444
423	2	8
1101	2	72
1117	0	803
632	2	36
1867	4	228
1693	2	180
173	17	174
182	2	31
1189	2	128
142	12	85
137	15	138
234	2	72
1911	2	6
1170	4	348
1936	0	1849
842	2	72
1194	3	1693
1174	1	934
565	2	31
1794	18	589
373	18	563
1974	2	36
1838	2	6
299	11	663
1800	0	167
789	12	85
1760	2	6
1388	2	15
493	11	148
2052	2	38
268	16	913
214	2	180
1474	9	1452
1232	2	31
588	1	469
1021	5	331
744	2	8
1349	3	815
1371	4	399
829	5	239
1544	2	15
1384	2	15
1878	2	36
1531	2	8
1441	14	383
1270	0	651
2010	2	128
911	2	8
1756	2	72
1253	1	1254
1791	12	85
434	10	824
1217	7	684
252	3	140
1472	7	119
1530	0	1870
189	2	128
492	2	6
1331	16	633
165	6	1828
518	2	36
140	2	180
1431	0	1695
1070	0	1869
696	2	36
1627	2	38
519	11	437
1880	4	806
283	3	284
1173	2	128
105	12	85
314	2	8
639	7	383
802	3	803
152	1	1259
417	1	308
211	2	180
1331	12	85
653	16	1190
1987	10	1632
1141	11	766
831	4	587
708	13	642
1440	2	36
68	6	172
387	11	225
1541	2	255
1086	9	968
1334	2	72
107	15	2027
775	11	91
1	13	224
151	12	85
1799	2	6
387	3	388
1435	2	36
1088	6	534
1249	10	1803
1376	6	1802
1247	10	1696
966	1	469
1837	3	1918
923	1	570
550	12	85
1111	0	434
1403	7	170
1097	2	72
62	4	700
1386	3	1987
274	0	275
1199	16	1200
1160	4	509
1220	10	704
564	6	1944
706	10	394
357	16	1447
1333	14	1219
269	0	1134
1003	3	409
858	2	36
1672	2	8
214	14	279
333	10	807
53	15	1835
626	5	385
98	2	180
400	0	92
778	7	779
1262	10	603
1908	12	85
845	14	511
1433	10	1478
1833	9	1892
841	12	85
555	3	92
1087	11	453
687	2	72
706	14	182
1104	4	1211
0	18	224
1260	12	85
224	4	141
353	4	354
821	2	38
355	2	128
1401	16	404
1393	4	998
237	16	380
1848	11	399
163	2	8
321	9	322
1710	2	128
853	2	6
39	9	1369
1649	14	270
1151	2	8
1834	2	15
1748	12	85
1238	2	128
702	1	570
1364	4	663
647	16	464
1043	4	4
702	2	31
1131	2	36
514	2	6
66	2	8
1765	3	1575
1911	16	1300
169	7	594
564	15	1937
904	0	451
1154	11	57
1943	17	174
1368	0	1916
913	2	36
959	6	1875
1505	7	129
1054	2	8
1660	16	1795
1647	11	538
1516	2	15
876	2	8
1042	11	587
1774	4	327
1248	2	6
316	1	934
533	2	15
1860	3	970
121	5	122
780	7	1076
244	1	166
1748	2	6
1655	4	50
227	3	154
1560	2	72
994	10	1252
519	3	251
1669	0	1142
292	0	903
474	2	6
521	2	6
1017	16	671
506	12	85
847	16	848
765	0	1682
438	2	31
1268	2	255
1660	12	85
1076	2	31
107	6	1783
1477	5	700
571	2	36
629	2	36
736	4	261
301	7	446
199	5	979
1613	2	72
508	2	128
332	10	442
1811	0	273
782	12	85
1419	2	6
1817	12	85
2026	2	38
1620	12	85
715	2	128
878	5	86
583	2	6
1060	9	1085
757	2	128
35	2	36
1745	2	6
1653	4	309
586	2	6
711	12	85
505	2	180
1197	12	85
1206	14	588
1894	7	325
1139	2	180
1021	2	72
1645	2	36
1328	2	31
242	3	1421
1390	9	1391
536	1	570
1167	10	1436
1181	5	594
572	10	1362
1768	5	564
1719	5	1100
867	2	6
1030	4	777
707	2	180
460	2	128
1768	0	1045
162	2	180
1629	5	194
429	5	507
1396	12	85
1472	12	85
358	16	359
763	11	764
751	3	271
1222	2	6
636	4	494
319	12	85
1828	2	128
1240	5	798
1772	11	325
798	6	1955
683	2	8
466	11	467
532	2	8
1945	2	15
1829	2	128
2	2	31
1461	2	15
1563	2	128
539	14	261
1252	9	737
1540	8	850
1765	11	499
1959	2	15
803	10	1731
318	14	643
1827	2	36
832	2	8
1518	2	15
1257	5	637
112	2	72
11	3	12
155	2	31
534	2	128
1061	9	786
1102	2	128
1865	4	725
1525	5	417
1031	2	6
507	6	1704
529	2	128
206	2	72
471	1	472
1677	12	85
354	1	1281
1028	2	36
1654	3	378
411	1	868
313	6	1412
210	3	211
677	2	8
639	16	640
46	2	15
458	7	385
668	6	658
1381	7	147
873	12	85
391	0	392
1215	2	8
247	5	282
527	2	72
1640	16	555
521	16	571
453	2	31
437	15	1744
1493	2	180
32	1	1899
1503	2	38
1644	2	6
1661	0	1580
1302	10	709
1176	7	13
490	2	6
556	2	72
1616	9	2009
169	12	85
1130	10	1443
1924	2	38
364	16	466
10	15	1966
1504	2	72
1418	4	217
1511	2	8
1295	5	1253
689	2	128
1400	2	180
1581	3	864
236	2	31
882	15	781
1740	2	15
340	7	341
251	2	180
129	2	31
1045	14	564
1328	15	981
243	7	244
775	2	36
254	4	446
399	2	31
235	14	565
273	14	137
2035	2	38
1809	16	1047
648	16	649
682	3	724
901	2	180
1587	4	819
1334	5	806
789	7	811
1333	10	1616
1067	2	15
674	2	128
817	9	792
466	2	36
808	2	8
225	15	1235
161	2	128
1806	7	1088
1713	2	8
17	1	3
652	6	422
1399	3	1400
1106	2	36
1628	2	15
1324	0	312
1272	0	598
178	3	230
1241	10	1474
386	2	31
1606	2	128
1014	0	81
786	4	103
1270	5	520
21	6	22
1359	10	1037
803	14	676
440	2	15
140	14	141
117	6	715
883	2	134
1992	13	346
1456	2	15
1602	3	1409
488	6	489
1134	10	1825
319	7	542
1065	14	220
327	6	1057
834	14	80
1782	3	257
369	1	370
329	10	1755
735	16	278
1505	16	1003
449	1	308
965	11	966
1244	14	811
446	1	1259
1273	2	72
111	9	1867
1131	11	4
369	6	1082
431	4	272
216	12	85
1624	12	85
1283	2	72
646	0	1720
1096	14	27
1578	2	180
1426	5	471
983	14	776
1475	2	6
236	6	1780
1495	2	15
505	10	1156
1619	14	688
1513	9	510
1056	5	47
1158	0	108
1009	16	361
611	2	180
417	15	1508
982	9	1865
867	12	85
1583	11	923
26	16	1555
1872	2	38
1565	10	1713
1305	2	128
1396	16	1837
1637	7	520
1446	2	6
622	11	244
1133	11	594
1543	2	6
1027	7	59
1583	3	922
1790	2	15
1911	12	85
679	5	152
1218	2	36
747	0	1638
241	6	305
408	5	129
976	2	128
946	2	36
1915	2	6
1986	4	188
561	12	85
802	11	676
1428	3	1052
1085	4	184
481	0	482
1291	2	8
1463	16	2017
1505	2	6
947	2	31
784	2	128
362	2	180
1492	0	1493
1878	3	1502
320	11	542
2007	2	38
156	17	174
397	16	450
585	2	6
924	2	36
357	2	6
1306	2	128
1284	2	6
40	6	1739
1636	9	736
766	1	2024
1950	14	331
958	5	959
1142	10	1326
175	14	779
664	16	1188
1063	2	8
143	11	186
76	6	1344
1954	10	1925
1381	12	85
1133	3	402
301	16	512
1806	12	85
974	4	764
756	2	8
1742	15	1508
199	2	72
450	3	451
500	2	72
277	15	219
17	2	31
384	2	36
1036	0	899
139	6	1469
873	7	376
1912	2	180
1533	2	38
889	5	698
1188	2	36
792	2	15
1471	12	85
563	4	564
1782	2	36
1585	12	85
48	12	85
1720	14	374
1663	2	128
211	10	1086
1134	8	1050
34	2	31
838	2	6
921	6	1102
1529	10	1151
296	2	38
1075	2	180
1222	16	1118
1311	16	1074
1006	10	1377
1452	4	798
1733	4	553
464	3	465
30	6	1347
1372	10	1486
1585	7	499
686	13	1093
292	5	293
1568	5	316
713	12	85
1014	2	72
996	2	36
1148	2	180
240	14	241
137	1	570
811	1	570
318	2	180
139	2	31
1879	4	805
1208	2	8
119	1	570
305	2	128
1677	7	463
1202	16	1203
1984	4	525
970	14	961
242	2	36
1165	7	921
1705	10	683
1996	11	977
544	3	1206
398	12	85
1810	11	1016
86	2	31
1394	2	36
765	2	72
293	1	432
643	1	570
1576	3	1565
749	2	6
1617	2	38
1072	10	1073
2012	9	1789
1047	2	36
1898	2	8
719	0	1012
733	16	734
42	2	38
958	0	498
172	2	128
1343	14	426
1685	2	36
1218	3	81
1323	4	286
1799	7	1460
282	6	1422
90	2	72
1926	2	15
841	7	798
276	16	682
75	2	36
1068	2	15
1681	2	36
793	0	1584
1798	11	531
325	1	469
359	3	200
569	15	138
654	15	781
848	2	36
1502	14	551
1571	16	1805
629	3	1869
1228	10	1229
496	3	275
188	1	432
766	6	1191
1859	2	15
632	3	1595
1568	0	1856
417	2	31
1023	2	128
656	18	1081
271	10	1335
1489	4	122
946	3	612
208	3	209
713	16	946
445	5	220
1822	0	1135
899	10	1519
1472	2	6
148	1	868
1417	0	1251
1010	2	128
290	10	1821
667	4	536
804	2	36
649	11	444
1076	6	1940
44	2	180
1480	4	468
1356	14	1328
1258	7	411
117	2	31
1201	5	716
405	10	1771
1861	2	15
279	1	613
153	5	228
1442	6	1977
1790	4	238
1273	5	1132
1420	16	1440
1691	2	38
1740	4	47
774	0	388
1530	5	184
1548	16	1064
328	11	116
1463	7	565
208	11	503
35	3	1244
75	11	76
1036	5	921
77	3	1220
1165	16	898
135	2	8
1117	2	72
917	2	128
1851	2	6
652	1	868
1689	9	794
481	5	13
1826	2	6
515	12	85
340	16	1567
1125	12	85
1707	2	38
1502	10	418
267	3	834
2040	2	38
852	4	218
356	15	1744
217	1	469
292	2	72
1112	9	1113
147	2	31
1050	0	940
728	11	516
1077	5	923
1696	9	634
545	2	128
726	12	85
1883	9	1859
1684	14	117
935	4	1088
1641	2	72
1272	5	746
1296	4	542
160	2	128
1531	9	1143
146	11	147
1895	2	8
857	2	72
690	14	325
1876	10	1626
1116	2	36
1246	2	36
1776	2	15
924	11	580
257	10	680
398	16	1848
1284	16	1379
903	14	293
1249	14	68
532	9	533
1381	2	6
1140	4	307
1423	2	36
1250	11	270
401	2	8
1996	2	36
2002	4	386
340	12	85
1825	2	8
1251	2	180
1335	9	1461
1473	14	584
1990	9	2004
926	2	6
1900	2	8
1732	2	180
577	12	85
516	15	860
112	0	113
108	13	109
257	14	1059
1815	3	337
1276	4	1002
1995	2	38
158	16	1399
869	2	72
1284	12	85
286	6	1699
824	9	852
887	2	128
1999	2	128
454	12	85
1665	2	36
1985	2	38
1972	11	607
1082	2	128
586	12	85
1196	0	123
947	1	432
1079	2	36
463	1	986
1848	2	36
725	6	894
47	2	31
1148	14	217
1255	3	1230
1828	17	1888
1121	1	570
1098	1	432
1257	2	72
896	5	1442
837	10	697
1804	5	1219
737	4	132
334	2	31
20	5	27
1027	16	1028
1447	3	975
1619	10	1294
577	16	751
1915	7	236
1218	11	684
331	15	2027
1430	14	2
1033	2	128
1945	4	956
550	7	2
1725	18	1726
1697	2	128
972	2	128
1507	0	1320
1838	12	85
804	3	837
666	7	479
950	2	31
382	1	166
395	12	85
907	2	8
1045	10	1123
1554	2	15
1356	2	180
419	11	956
405	2	180
1856	2	180
990	9	991
1950	10	1700
890	5	477
1950	2	180
1204	3	1251
1685	11	654
1549	16	1175
395	2	6
1500	0	1675
1179	2	36
922	10	1054
2008	2	38
1580	2	180
614	9	1656
773	12	85
1175	2	36
367	14	819
978	2	15
420	7	25
1777	2	72
195	2	6
566	4	538
1021	0	1950
1134	14	488
1346	12	85
306	2	8
1650	2	128
399	6	1813
1205	2	180
652	2	31
462	0	211
118	5	119
465	10	645
1616	2	8
1346	2	6
1237	2	180
1331	7	19
780	16	939
173	2	128
1461	4	253
848	3	1424
1440	3	1372
558	2	8
1662	14	947
1054	9	1055
1928	4	324
646	5	374
957	12	85
1114	4	488
1555	2	36
797	16	839
124	9	1374
1246	11	152
715	17	174
1138	3	1249
1011	2	36
2001	10	1524
1059	2	31
1406	5	53
913	11	800
47	6	1830
910	2	36
1233	2	72
1730	2	15
141	15	1508
207	10	739
442	9	1068
1136	6	1538
1868	0	1048
998	2	31
454	7	117
844	2	36
1056	0	707
747	2	72
210	11	463
555	11	93
1877	16	1878
265	10	560
303	1	2053
229	2	72
1351	2	6
1984	2	15
542	6	1650
115	2	6
1094	0	1095
1079	3	1950
1767	2	36
1195	2	128
760	0	1473
961	2	31
909	12	85
915	2	6
1081	2	255
609	2	72
1230	14	1376
932	7	239
2014	5	1460
1669	5	449
1636	2	8
1297	2	36
560	9	1402
523	2	72
1150	14	155
1558	17	174
639	2	6
690	2	180
1045	8	373
993	9	1906
797	7	369
184	6	1863
277	1	166
679	0	1247
349	2	15
845	10	1513
540	12	85
276	7	277
1297	11	643
100	2	72
1056	2	72
735	12	85
1351	16	1750
654	1	166
493	2	36
1902	2	38
1773	12	85
1676	2	36
441	11	287
1315	11	86
167	14	1742
1734	4	1376
181	2	6
1760	12	85
390	2	128
722	2	180
1725	0	1729
819	6	1532
57	1	432
1746	14	288
643	2	31
1120	5	1121
1605	11	30
521	7	522
89	2	15
1814	5	1376
1375	2	8
478	3	312
1399	2	36
1395	5	536
1448	16	1338
260	5	591
1712	2	38
1939	11	479
1212	7	107
1290	14	1121
1372	2	180
650	2	72
19	6	1971
301	2	6
1011	11	382
197	17	198
87	2	74
1169	2	8
1450	2	6
1772	3	690
1826	12	85
80	2	31
1078	16	252
54	14	607
13	2	31
1553	11	1219
582	2	36
1571	7	213
1163	2	134
1354	17	174
215	4	1119
1994	18	2002
1720	10	1390
1414	2	6
1546	11	1232
5	7	998
342	14	4
188	6	189
669	7	352
1094	5	170
673	2	6
365	2	36
60	11	61
823	5	565
1648	2	72
782	7	184
736	2	15
996	3	903
831	2	15
202	0	1467
766	2	31
1780	2	128
1919	2	38
564	2	31
528	2	180
870	9	470
1427	14	471
1922	2	72
1309	16	299
322	2	15
416	2	128
1119	1	3
1921	2	8
1288	4	291
1479	5	791
264	2	36
388	14	225
451	10	1025
151	16	1246
1891	5	963
1742	2	31
584	1	1259
360	7	525
1453	8	70
1242	2	128
591	6	1951
27	2	31
1698	9	69
1815	2	36
970	10	971
1397	7	91
71	5	459
1196	5	411
391	2	72
728	3	929
505	14	21
1212	2	6
309	6	1858
594	6	529
1788	2	15
906	11	507
2000	12	85
576	2	15
657	13	1081
1525	2	72
169	16	1133
1608	5	116
1882	0	140
1289	12	85
2025	5	1144
324	6	787
1575	10	614
338	9	1388
409	14	129
1162	11	688
848	11	459
1203	11	477
424	2	15
1197	16	924
347	2	72
838	7	587
820	2	128
378	14	813
358	2	6
1377	9	1378
499	2	31
1251	14	790
1029	2	15
1656	4	499
1434	2	72
357	12	85
793	2	72
1001	12	85
1167	8	1163
483	3	484
1213	12	85
713	7	541
837	14	777
651	10	1531
1659	16	1586
1864	3	498
1909	2	38
1392	2	8
1139	14	1100
834	8	1431
1110	0	524
1808	0	846
58	0	1398
1932	4	602
1640	12	85
1808	18	1514
2041	2	15
365	11	950
97	1	469
509	15	2027
94	9	667
727	12	85
248	1	1281
1925	2	8
930	7	702
217	6	1010
395	7	137
468	6	476
840	2	36
1569	2	6
1499	4	80
417	6	976
606	10	130
307	1	308
12	2	180
1734	2	15
1180	5	1328
589	2	255
731	14	966
397	12	85
1385	2	128
1490	2	128
1397	12	85
1882	5	141
647	12	85
196	6	1702
1822	2	72
583	7	327
1823	2	6
470	4	279
1514	2	255
1063	9	2033
866	11	334
1559	2	72
165	1	166
1686	2	38
1008	16	1018
1700	9	330
574	0	162
974	2	15
400	2	72
1878	11	551
926	12	85
586	16	289
1419	7	68
1273	0	528
741	2	8
28	10	1763
1317	2	72
698	6	699
1340	9	1341
989	4	1024
587	2	31
118	0	337
1463	12	85
516	6	1717
2011	4	10
312	10	575
1632	2	8
1577	10	1375
701	5	159
1711	12	85
875	2	36
414	6	1226
1758	9	433
1549	12	85
885	2	36
1539	5	531
552	2	128
1753	11	218
1274	2	36
328	2	36
488	2	31
515	16	728
1217	16	1218
1220	2	180
1685	3	621
1344	2	128
501	0	2001
825	2	180
230	10	1034
218	15	219
1509	5	652
2017	2	36
1931	9	1488
470	2	15
680	2	8
1773	7	688
697	9	1030
975	14	618
642	4	541
623	2	31
1671	2	128
492	16	493
135	9	1790
159	2	31
1040	2	180
321	2	8
1578	14	341
1682	10	401
79	5	368
1042	3	1182
79	0	265
309	2	31
2023	2	38
284	2	180
1958	3	962
123	2	180
1279	2	8
1748	7	591
391	5	900
793	5	244
1532	2	128
1014	5	684
790	2	31
1114	2	255
1819	3	1720
925	2	6
1091	2	15
752	0	366
1185	4	313
693	2	72
527	5	341
421	2	72
525	2	31
752	2	72
1225	14	196
551	6	552
79	2	72
912	2	72
1380	11	117
1771	9	1489
245	12	85
1622	2	128
13	1	432
1170	2	15
1779	5	538
200	2	180
1434	5	776
1693	14	595
1325	2	72
999	2	31
383	6	972
1975	5	1080
637	2	31
657	2	74
51	2	38
212	2	15
237	2	6
1655	2	15
854	5	966
260	2	72
1236	2	72
1356	10	1357
546	16	519
1826	16	1796
899	14	921
1059	6	1310
805	6	1634
190	2	6
1035	2	15
1794	0	2034
129	1	308
1811	5	137
480	2	8
1048	10	1651
1224	6	439
2025	2	72
1750	11	608
1475	12	85
1613	5	1157
1731	9	675
1161	2	128
1004	2	8
1814	2	72
1415	2	72
1415	0	767
412	10	413
930	16	1038
1176	16	1801
70	2	134
1493	10	1963
1424	14	459
23	12	85
1228	2	180
1721	11	417
980	2	38
253	6	830
1354	2	128
1476	2	8
474	12	85
18	0	723
517	2	38
1287	2	38
1315	3	856
1886	10	1853
931	15	781
218	6	1292
904	5	356
479	2	31
773	2	6
633	11	19
1269	12	85
337	2	180
1944	2	128
33	0	973
363	2	8
156	2	128
333	2	180
1144	15	1749
844	11	348
830	2	128
877	2	72
1961	4	1460
1975	0	1453
1332	18	443
1446	7	584
1162	2	36
1467	10	990
721	2	36
1178	0	1430
958	2	72
643	6	644
617	3	1430
184	2	31
1624	16	328
1524	2	8
1847	12	85
1500	5	759
284	10	1215
842	0	332
1548	2	6
241	2	31
1015	2	72
205	5	541
181	12	85
152	2	31
1470	4	800
1908	2	6
530	7	50
865	9	935
987	0	175
660	2	8
414	15	415
1898	9	771
936	7	538
1644	16	1727
1614	4	147
137	6	125
1721	3	98
512	11	446
43	5	1076
452	12	85
326	2	38
353	2	15
1541	4	103
1186	2	8
132	6	345
716	6	717
768	14	623
1297	3	318
762	14	282
1960	2	8
1562	2	72
825	14	50
1838	16	387
1659	7	1136
916	11	291
1957	3	973
1414	12	85
1396	2	6
783	4	61
1870	10	1060
344	2	72
293	6	1850
885	3	1228
543	12	85
1203	3	1261
1591	2	6
1106	11	196
428	6	427
826	9	1655
1410	2	128
501	2	72
1148	10	1149
473	2	128
1058	2	72
191	3	214
396	2	36
216	2	6
621	2	180
1142	14	449
92	10	808
1762	2	74
767	14	553
1517	2	38
1407	12	85
1893	12	85
705	2	72
1240	2	72
931	1	469
338	2	8
1414	16	1355
1031	7	1231
1099	9	831
1654	11	813
999	15	1508
310	16	1216
492	7	148
1701	2	128
886	9	871
1008	7	428
1248	12	85
951	2	38
1718	2	36
1362	9	1998
2054	2	38
84	7	261
1182	14	587
1869	14	630
28	8	29
32	2	31
334	1	1193
1577	14	428
1431	2	134
600	3	1142
1172	5	238
1602	11	10
1802	2	128
365	3	366
1736	0	557
114	2	15
0	2	134
93	6	674
1258	2	6
217	15	1749
1732	14	1119
795	12	85
1918	10	45
720	4	148
963	6	1022
1727	2	36
629	11	630
1109	16	258
439	2	128
1438	9	1776
468	1	469
1643	0	1575
667	2	15
431	2	15
244	6	1184
900	1	432
665	2	72
1811	2	72
983	10	1438
896	2	72
265	14	368
363	9	1904
615	11	261
1290	2	180
1657	2	36
1048	2	180
1026	4	356
963	15	138
822	12	85
1370	9	1733
1471	7	819
1604	9	193
663	6	1360
540	16	1315
1536	2	15
751	2	36
1101	5	24
49	2	72
1163	18	254
1715	2	8
1037	9	1874
557	10	558
1894	2	6
2000	16	1721
1818	16	1819
99	9	114
1453	14	1080
1723	2	8
801	11	872
665	0	1987
1891	0	962
1134	2	180
256	0	257
1592	2	36
1348	2	180
1676	3	1264
109	4	459
1152	5	80
920	2	255
1709	0	1535
1280	2	15
1599	0	1409
251	14	437
385	2	31
396	11	137
1569	16	685
1820	16	77
1681	11	132
280	2	6
250	2	72
966	6	1701
412	14	1231
1799	12	85
1394	11	759
282	2	31
1545	2	6
721	11	53
1903	4	76
1164	9	1137
375	2	72
1294	2	8
1785	16	1011
962	2	180
403	9	1267
943	18	920
664	12	85
1788	4	241
1604	2	8
182	6	161
1562	0	1741
467	2	31
1512	2	15
739	9	1903
1525	0	98
1444	2	15
1787	2	38
721	3	722
48	7	1207
837	2	180
1551	2	6
1852	2	8
1946	2	38
1540	14	531
240	10	1960
540	2	6
1476	9	974
520	2	31
773	7	578
941	2	15
1923	2	6
1907	2	8
1709	5	580
361	11	101
148	2	31
910	3	113
181	16	1339
1917	2	128
456	2	8
1523	2	8
330	4	331
1301	0	1302
2032	2	38
1473	2	180
1441	10	1610
1817	16	629
281	16	1947
693	5	291
1584	10	1112
1365	2	36
1414	7	1742
1118	11	1119
1569	12	85
799	7	966
1271	2	74
1050	2	134
204	4	668
1320	14	479
1058	5	354
656	0	657
1554	4	961
548	0	465
1607	5	188
1963	9	1667
1180	0	1356
20	2	72
1358	3	1870
1894	16	1772
485	0	1343
849	12	85
878	2	72
1719	2	72
523	5	607
1386	2	36
1080	2	31
936	2	6
1184	2	128
584	2	31
1361	7	34
1592	11	584
279	6	695
1125	16	504
1678	9	1536
324	1	1366
344	5	253
289	2	36
1553	2	36
777	6	491
1625	14	399
1668	17	1786
1923	12	85
1976	3	1746
186	6	187
838	16	1042
1935	0	1244
718	16	866
1486	2	8
740	2	38
1141	2	36
1465	13	563
914	5	999
776	2	31
912	5	25
443	4	444
1498	2	6
1600	2	180
617	11	2
1542	2	36
41	9	1993
1298	5	777
1826	7	668
213	6	596
964	7	503
1977	2	128
1983	2	38
23	16	1128
1582	2	128
1978	2	128
511	1	308
1018	2	36
26	12	85
376	2	31
690	8	656
487	18	1653
320	3	1631
932	2	6
446	6	447
19	1	432
1471	16	818
87	13	88
1594	0	412
146	2	36
1813	2	128
1256	2	128
1577	2	180
1449	12	85
605	2	128
1674	5	1224
397	2	6
459	6	1282
643	15	415
856	14	86
1851	12	85
634	4	152
150	9	1928
91	6	1981
466	3	1467
626	0	627
676	1	432
342	10	343
1047	3	1048
393	2	128
